#,,,,,,,,,,,,,,,,,,,,,,,,,,,"generated_by='OpenQuake engine 3.25.0-git8d6ee50a21', start_date='2026-03-08T19:22:33', checksum=102121100, kind='quantile-0.5', investigation_time=1.0, imt='SA(0.25)'"
lon,lat,depth,poe-0.0005000,poe-0.0007339,poe-0.0010772,poe-0.0015811,poe-0.0023208,poe-0.0034065,poe-0.0050000,poe-0.0073390,poe-0.0107722,poe-0.0158114,poe-0.0232079,poe-0.0340646,poe-0.0500000,poe-0.0733900,poe-0.1077217,poe-0.1581139,poe-0.2320794,poe-0.3406460,poe-0.5000000,poe-0.7338996,poe-1.0772173,poe-1.5811388,poe-2.3207944,poe-3.4064603,poe-5.0000000
-9.71787,38.60000,0.00000,9.297422E-01,9.231598E-01,9.102426E-01,8.872058E-01,8.494467E-01,7.927621E-01,7.155628E-01,6.205817E-01,5.067286E-01,3.806250E-01,2.649375E-01,1.683148E-01,9.685592E-02,5.598132E-02,2.921813E-02,1.308850E-02,5.606588E-03,2.285529E-03,8.844616E-04,3.274900E-04,1.172728E-04,4.009971E-05,1.290807E-05,2.796279E-06,4.562128E-07
-9.71787,38.70000,0.00000,9.253958E-01,9.185543E-01,9.051863E-01,8.814918E-01,8.429543E-01,7.855905E-01,7.080888E-01,6.133507E-01,4.902866E-01,3.667195E-01,2.542724E-01,1.610044E-01,9.547838E-02,5.556538E-02,2.802256E-02,1.262643E-02,5.439062E-03,2.316326E-03,8.958706E-04,3.190795E-04,1.136338E-04,3.888310E-05,1.236358E-05,2.892197E-06,4.599009E-07
-9.71787,38.80000,0.00000,9.222078E-01,9.151298E-01,9.013598E-01,8.770799E-01,8.378353E-01,7.797998E-01,7.018614E-01,6.042860E-01,4.797051E-01,3.577411E-01,2.472767E-01,1.561240E-01,9.374274E-02,5.456807E-02,2.713510E-02,1.228879E-02,5.318549E-03,2.293773E-03,8.936854E-04,3.154007E-04,1.126105E-04,3.863268E-05,1.230401E-05,3.063607E-06,4.878352E-07
-9.71787,38.90000,0.00000,9.192773E-01,9.119555E-01,8.977730E-01,8.728925E-01,8.329046E-01,7.741092E-01,6.955504E-01,5.933942E-01,4.695101E-01,3.490902E-01,2.405978E-01,1.515346E-01,9.052148E-02,5.234431E-02,2.631305E-02,1.199711E-02,5.222488E-03,2.161584E-03,8.444736E-04,3.137652E-04,1.122733E-04,3.815444E-05,1.228950E-05,2.718699E-06,4.277953E-07
-9.71787,39.00000,0.00000,9.071525E-01,8.994254E-01,8.845031E-01,8.585067E-01,8.171352E-01,7.569751E-01,6.774448E-01,5.687962E-01,4.474449E-01,3.311223E-01,2.272795E-01,1.427725E-01,8.349675E-02,4.750180E-02,2.483294E-02,1.141182E-02,5.013089E-03,2.092067E-03,8.243528E-04,3.087216E-04,1.073661E-04,3.753606E-05,8.876862E-06,1.676440E-06,2.533992E-07
-9.61787,38.50000,0.00000,9.314939E-01,9.251078E-01,9.125332E-01,8.900313E-01,8.530157E-01,7.972475E-01,7.210562E-01,6.270694E-01,5.203496E-01,3.926690E-01,2.745082E-01,1.751729E-01,1.012007E-01,5.923760E-02,3.064811E-02,1.370880E-02,5.876291E-03,2.536608E-03,9.802534E-04,3.363337E-04,1.182697E-04,4.033509E-05,1.282406E-05,2.824961E-06,4.365619E-07
-9.61787,38.60000,0.00000,9.298568E-01,9.232827E-01,9.103953E-01,8.874481E-01,8.499256E-01,7.937735E-01,7.175561E-01,6.240121E-01,5.071424E-01,3.812093E-01,2.655073E-01,1.688202E-01,1.013305E-01,5.959664E-02,2.949915E-02,1.327008E-02,6.086778E-03,2.671189E-03,1.057101E-03,3.750299E-04,1.184921E-04,3.992633E-05,1.272341E-05,3.636252E-06,5.960475E-07
-9.61787,38.70000,0.00000,9.262301E-01,9.194028E-01,9.060762E-01,8.824854E-01,8.441913E-01,7.873417E-01,7.107689E-01,6.173695E-01,5.000335E-01,3.748522E-01,2.602845E-01,1.649754E-01,9.966349E-02,5.797129E-02,2.874771E-02,1.299721E-02,6.083990E-03,2.685515E-03,1.070884E-03,3.829874E-04,1.216676E-04,3.867525E-05,1.230065E-05,3.494094E-06,5.898187E-07
-9.61787,38.80000,0.00000,9.230824E-01,9.159971E-01,9.022233E-01,8.779617E-01,8.388110E-01,7.810725E-01,7.038032E-01,6.071191E-01,4.826456E-01,3.604501E-01,2.494680E-01,1.577574E-01,9.617987E-02,5.628432E-02,2.764168E-02,1.259849E-02,5.902769E-03,2.615026E-03,1.049800E-03,3.790521E-04,1.216935E-04,3.846825E-05,1.225654E-05,3.483926E-06,5.956074E-07
-9.61787,38.90000,0.00000,9.179602E-01,9.105929E-01,8.963287E-01,8.713443E-01,8.313056E-01,7.726859E-01,6.947537E-01,5.929810E-01,4.694008E-01,3.491874E-01,2.407319E-01,1.517063E-01,9.208694E-02,5.351712E-02,2.649648E-02,1.214834E-02,5.456877E-03,2.399724E-03,9.581618E-04,3.451576E-04,1.128076E-04,3.842333E-05,1.216394E-05,3.484382E-06,5.415710E-07
-9.61787,39.00000,0.00000,9.055958E-01,8.978496E-01,8.829044E-01,8.569257E-01,8.157268E-01,7.560757E-01,6.775443E-01,5.698624E-01,4.487405E-01,3.324416E-01,2.283611E-01,1.436417E-01,8.656381E-02,4.996163E-02,2.517355E-02,1.165409E-02,5.142621E-03,2.156042E-03,8.492825E-04,3.159482E-04,1.125169E-04,3.739662E-05,1.115533E-05,2.109226E-06,3.166760E-07
-9.61787,39.10000,0.00000,9.013860E-01,8.933771E-01,8.779779E-01,8.513141E-01,8.092071E-01,7.484978E-01,6.672092E-01,5.520684E-01,4.325097E-01,3.188186E-01,2.178725E-01,1.363334E-01,8.152444E-02,4.628484E-02,2.355310E-02,1.096104E-02,4.869277E-03,2.056979E-03,8.192326E-04,2.858723E-04,1.053674E-04,3.056520E-05,6.792125E-06,1.260171E-06,1.891990E-07
-9.61787,39.20000,0.00000,8.979181E-01,8.896365E-01,8.737629E-01,8.463638E-01,8.032289E-01,7.412334E-01,6.515691E-01,5.360135E-01,4.172729E-01,3.053992E-01,2.077181E-01,1.297010E-01,7.648395E-02,4.276106E-02,2.221531E-02,1.052727E-02,4.687625E-03,1.968754E-03,7.262980E-04,2.666876E-04,9.785621E-05,2.757460E-05,6.316260E-06,1.208522E-06,1.868053E-07
-9.61787,39.30000,0.00000,8.935920E-01,8.850422E-01,8.686967E-01,8.405576E-01,7.963825E-01,7.330768E-01,6.326112E-01,5.166870E-01,3.992707E-01,2.902060E-01,1.962997E-01,1.221883E-01,7.161828E-02,3.954798E-02,2.057985E-02,9.822045E-03,4.359900E-03,1.757776E-03,6.665807E-04,2.567373E-04,9.363343E-05,2.514306E-05,5.832444E-06,1.129062E-06,1.764499E-07
-9.61787,39.40000,0.00000,8.781320E-01,8.692681E-01,8.523305E-01,8.232869E-01,7.744570E-01,6.918166E-01,5.890696E-01,4.762290E-01,3.648112E-01,2.635626E-01,1.779302E-01,1.111112E-01,6.606591E-02,3.617171E-02,1.851071E-02,8.736662E-03,3.884480E-03,1.585147E-03,6.448244E-04,2.504436E-04,7.829681E-05,2.060273E-05,4.653181E-06,8.727112E-07,1.316491E-07
-9.61787,39.50000,0.00000,8.766039E-01,8.674831E-01,8.500902E-01,8.202998E-01,7.608914E-01,6.771317E-01,5.743140E-01,4.625901E-01,3.531555E-01,2.542945E-01,1.710829E-01,1.064532E-01,6.217392E-02,3.370228E-02,1.720195E-02,8.129462E-03,3.596147E-03,1.505042E-03,6.176714E-04,2.417031E-04,7.509233E-05,2.078278E-05,4.960624E-06,9.815616E-07,1.554495E-07
-9.51787,38.50000,0.00000,9.318172E-01,9.254330E-01,9.128758E-01,8.904347E-01,8.535920E-01,7.982330E-01,7.228336E-01,6.300533E-01,5.210044E-01,3.934959E-01,2.752984E-01,1.758583E-01,1.051756E-01,6.252305E-02,3.096076E-02,1.390271E-02,6.547398E-03,2.905754E-03,1.163411E-03,4.171547E-04,1.329053E-04,4.025122E-05,1.279517E-05,3.635899E-06,6.864218E-07
-9.51787,38.60000,0.00000,9.273721E-01,9.207260E-01,9.077098E-01,8.845983E-01,8.469773E-01,7.910010E-01,7.154857E-01,6.232755E-01,5.125311E-01,3.859468E-01,2.691926E-01,1.714088E-01,1.039070E-01,6.090934E-02,3.010126E-02,1.360091E-02,6.540776E-03,2.902060E-03,1.160022E-03,4.143023E-04,1.310235E-04,4.026330E-05,1.279669E-05,3.631738E-06,6.387249E-07
-9.51787,38.70000,0.00000,9.272950E-01,9.204772E-01,9.071790E-01,8.836567E-01,8.455216E-01,7.890385E-01,7.131926E-01,6.209322E-01,5.020550E-01,3.769049E-01,2.620722E-01,1.663855E-01,1.025412E-01,6.036251E-02,2.923216E-02,1.335971E-02,6.506531E-03,2.888260E-03,1.155008E-03,4.124759E-04,1.302382E-04,3.929234E-05,1.240035E-05,3.496394E-06,6.132582E-07
-9.51787,38.80000,0.00000,9.213191E-01,9.141890E-01,9.003428E-01,8.760141E-01,8.369095E-01,7.795291E-01,7.031420E-01,6.108616E-01,4.872443E-01,3.644834E-01,2.526196E-01,1.599799E-01,9.951209E-02,5.793224E-02,2.819350E-02,1.293116E-02,6.277191E-03,2.789486E-03,1.119060E-03,4.015993E-04,1.274184E-04,3.923078E-05,1.237898E-05,3.486827E-06,5.899504E-07
-9.51787,38.90000,0.00000,9.149911E-01,9.075474E-01,8.931504E-01,8.680065E-01,8.278970E-01,7.695164E-01,6.923658E-01,5.979240E-01,4.740813E-01,3.531745E-01,2.437377E-01,1.537846E-01,9.429488E-02,5.536835E-02,2.703568E-02,1.248532E-02,5.720282E-03,2.531952E-03,1.016040E-03,3.667208E-04,1.175799E-04,3.928410E-05,1.229535E-05,3.487236E-06,5.654596E-07
-9.51787,39.00000,0.00000,9.075678E-01,8.998333E-01,8.849252E-01,8.590358E-01,8.180321E-01,7.587826E-01,6.809652E-01,5.776505E-01,4.557851E-01,3.381296E-01,2.324527E-01,1.462786E-01,8.841883E-02,5.118202E-02,2.567893E-02,1.197009E-02,5.332415E-03,2.246900E-03,8.904996E-04,3.311438E-04,1.169285E-04,3.765442E-05,1.213731E-05,2.339854E-06,3.543009E-07
-9.51787,39.10000,0.00000,9.040309E-01,8.960436E-01,8.807017E-01,8.541573E-01,8.122773E-01,7.519856E-01,6.730602E-01,5.598007E-01,4.392020E-01,3.236075E-01,2.212443E-01,1.385666E-01,8.313621E-02,4.783690E-02,2.408007E-02,1.130433E-02,5.078617E-03,2.161326E-03,8.642942E-04,2.982555E-04,1.051662E-04,3.270564E-05,7.239903E-06,1.343002E-06,2.023758E-07
-9.51787,39.20000,0.00000,8.988084E-01,8.905319E-01,8.746809E-01,8.473502E-01,8.043948E-01,7.427948E-01,6.524686E-01,5.367759E-01,4.177867E-01,3.057231E-01,2.080218E-01,1.300949E-01,7.766838E-02,4.435226E-02,2.285563E-02,1.081621E-02,4.873889E-03,2.070317E-03,7.741196E-04,2.671299E-04,9.671489E-05,2.863100E-05,6.501034E-06,1.240721E-06,1.925198E-07
-9.51787,39.30000,0.00000,8.943269E-01,8.857685E-01,8.694226E-01,8.413184E-01,7.972760E-01,7.343003E-01,6.334198E-01,5.170945E-01,3.992501E-01,2.899545E-01,1.961185E-01,1.222544E-01,7.234506E-02,4.087524E-02,2.111645E-02,1.019621E-02,4.579653E-03,1.869047E-03,7.019141E-04,2.555532E-04,9.350995E-05,2.678104E-05,6.205987E-06,1.203885E-06,1.891750E-07
-9.51787,39.40000,0.00000,8.825467E-01,8.736976E-01,8.568105E-01,8.278675E-01,7.726100E-01,6.903859E-01,5.881887E-01,4.758805E-01,3.648436E-01,2.637925E-01,1.782186E-01,1.113785E-01,6.648643E-02,3.723096E-02,1.923885E-02,9.149354E-03,4.011275E-03,1.673374E-03,6.441628E-04,2.482971E-04,8.612665E-05,2.321870E-05,5.424150E-06,1.060047E-06,1.675053E-07
-9.51787,39.50000,0.00000,8.715748E-01,8.624262E-01,8.449786E-01,8.151504E-01,7.633957E-01,6.797222E-01,5.768027E-01,4.647669E-01,3.548761E-01,2.555288E-01,1.718999E-01,1.069609E-01,6.263929E-02,3.420253E-02,1.735326E-02,8.241065E-03,3.642065E-03,1.501646E-03,6.134046E-04,2.283207E-04,6.641325E-05,1.707144E-05,3.768129E-06,6.916092E-07,1.022305E-07
-9.51787,39.60000,0.00000,8.715673E-01,8.621345E-01,8.441837E-01,8.118569E-01,7.503135E-01,6.657023E-01,5.628890E-01,4.521004E-01,3.442518E-01,2.472732E-01,1.659781E-01,1.031030E-01,5.896781E-02,3.230510E-02,1.624057E-02,7.592378E-03,3.279994E-03,1.396367E-03,5.619523E-04,1.993749E-04,5.853606E-05,1.524077E-05,3.406318E-06,6.309358E-07,9.367471E-08
-9.41787,38.20000,0.00000,9.372448E-01,9.313955E-01,9.197526E-01,8.986351E-01,8.633108E-01,8.090543E-01,7.334884E-01,6.387751E-01,5.314374E-01,4.199603E-01,3.009371E-01,1.944141E-01,1.135397E-01,6.096793E-02,3.305595E-02,1.537240E-02,6.482732E-03,2.597313E-03,1.012452E-03,3.596805E-04,1.263355E-04,4.265972E-05,1.343347E-05,3.452918E-06,5.578576E-07
-9.41787,38.30000,0.00000,9.367231E-01,9.307254E-01,9.188377E-01,8.973777E-01,8.616894E-01,8.072647E-01,7.320444E-01,6.383758E-01,5.326045E-01,4.177398E-01,2.946173E-01,1.896792E-01,1.104463E-01,6.266028E-02,3.364965E-02,1.499797E-02,6.563090E-03,2.919345E-03,1.174270E-03,4.235898E-04,1.357599E-04,4.219331E-05,1.330426E-05,3.746702E-06,7.120331E-07
-9.41787,38.40000,0.00000,9.353863E-01,9.292142E-01,9.170331E-01,8.951574E-01,8.590132E-01,8.043209E-01,7.293452E-01,6.366189E-01,5.323126E-01,4.084740E-01,2.869931E-01,1.840473E-01,1.077374E-01,6.433768E-02,3.251221E-02,1.456749E-02,6.855944E-03,3.065222E-03,1.237007E-03,4.465991E-04,1.429153E-04,4.204494E-05,1.326479E-05,3.736260E-06,7.521376E-07
-9.41787,38.50000,0.00000,9.321201E-01,9.257181E-01,9.131385E-01,8.906859E-01,8.538903E-01,7.987469E-01,7.238800E-01,6.320109E-01,5.230203E-01,3.954479E-01,2.769285E-01,1.771156E-01,1.078156E-01,6.323726E-02,3.141470E-02,1.419203E-02,6.920947E-03,3.090878E-03,1.243689E-03,4.471685E-04,1.425253E-04,4.221908E-05,1.329797E-05,3.735239E-06,7.519626E-07
-9.41787,38.60000,0.00000,9.258020E-01,9.191017E-01,9.059871E-01,8.827448E-01,8.450322E-01,7.891693E-01,7.141969E-01,6.230715E-01,5.149880E-01,3.882908E-01,2.711398E-01,1.728956E-01,1.057466E-01,6.296612E-02,3.062541E-02,1.400115E-02,6.845897E-03,3.046751E-03,1.218903E-03,4.346623E-04,1.370708E-04,4.265425E-05,1.338057E-05,3.734500E-06,6.852790E-07
-9.41787,38.70000,0.00000,9.241760E-01,9.172670E-01,9.038039E-01,8.800610E-01,8.417547E-01,7.853667E-01,7.101388E-01,6.191161E-01,5.033466E-01,3.782634E-01,2.632760E-01,1.673788E-01,1.043399E-01,6.097369E-02,2.966955E-02,1.372479E-02,6.705451E-03,2.982560E-03,1.193084E-03,4.254949E-04,1.341029E-04,4.200921E-05,1.303514E-05,3.590489E-06,6.502116E-07
-9.41787,38.80000,0.00000,9.243535E-01,9.172645E-01,9.035097E-01,8.793404E-01,8.404889E-01,7.835112E-01,7.077602E-01,6.163355E-01,4.949389E-01,3.705861E-01,2.568217E-01,1.625211E-01,1.025476E-01,5.863737E-02,2.858930E-02,1.340603E-02,6.539795E-03,2.906100E-03,1.162899E-03,4.154389E-04,1.311855E-04,4.219578E-05,1.305214E-05,3.579721E-06,6.199971E-07
-9.41787,38.90000,0.00000,9.142665E-01,9.067910E-01,8.923446E-01,8.671582E-01,8.270955E-01,7.690060E-01,6.925642E-01,5.991136E-01,4.753881E-01,3.543731E-01,2.445983E-01,1.543719E-01,9.682010E-02,5.564574E-02,2.730181E-02,1.273979E-02,5.979173E-03,2.649378E-03,1.061350E-03,3.814943E-04,1.281305E-04,4.245158E-05,1.291389E-05,3.580357E-06,5.949709E-07
-9.41787,39.00000,0.00000,9.059107E-01,8.981204E-01,8.831170E-01,8.571098E-01,8.160552E-01,7.569961E-01,6.798117E-01,5.797443E-01,4.579563E-01,3.400296E-01,2.340114E-01,1.474579E-01,9.056167E-02,5.280321E-02,2.612159E-02,1.232830E-02,5.595004E-03,2.411524E-03,9.697200E-04,3.643259E-04,1.284045E-04,3.994273E-05,1.246623E-05,2.411798E-06,3.650947E-07
-9.41787,39.10000,0.00000,8.994826E-01,8.914288E-01,8.759608E-01,8.492614E-01,8.073200E-01,7.472794E-01,6.691366E-01,5.596730E-01,4.385387E-01,3.228276E-01,2.207178E-01,1.384790E-01,8.448066E-02,4.850375E-02,2.449922E-02,1.166393E-02,5.341166E-03,2.328243E-03,9.506508E-04,3.289025E-04,1.091302E-04,3.622425E-05,8.068389E-06,1.513447E-06,2.322312E-07
-9.41787,39.20000,0.00000,9.011501E-01,8.928844E-01,8.770685E-01,8.498135E-01,8.070167E-01,7.457301E-01,6.555825E-01,5.393267E-01,4.195854E-01,3.068302E-01,2.086622E-01,1.304906E-01,8.000232E-02,4.535196E-02,2.307531E-02,1.102288E-02,5.048037E-03,2.197965E-03,8.583753E-04,2.921878E-04,9.950714E-05,3.199565E-05,7.237540E-06,1.383343E-06,2.168822E-07
-9.41787,39.30000,0.00000,8.925932E-01,8.840461E-01,8.677235E-01,8.396947E-01,7.958739E-01,7.333956E-01,6.351802E-01,5.188870E-01,4.008620E-01,2.912628E-01,1.971151E-01,1.229897E-01,7.426596E-02,4.163324E-02,2.171308E-02,1.047582E-02,4.816962E-03,2.038519E-03,7.507825E-04,2.645521E-04,9.643777E-05,2.971627E-05,6.839662E-06,1.326304E-06,2.104662E-07
-9.41787,39.40000,0.00000,8.839230E-01,8.750495E-01,8.581340E-01,8.291734E-01,7.829539E-01,7.011866E-01,5.987895E-01,4.855328E-01,3.729435E-01,2.700155E-01,1.825567E-01,1.141041E-01,6.826857E-02,3.839634E-02,1.994739E-02,9.603988E-03,4.259702E-03,1.745248E-03,6.659440E-04,2.574398E-04,9.351468E-05,2.506995E-05,5.838479E-06,1.146026E-06,1.836801E-07
-9.41787,39.50000,0.00000,8.695855E-01,8.604354E-01,8.429856E-01,8.131843E-01,7.645011E-01,6.812265E-01,5.786659E-01,4.668311E-01,3.569180E-01,2.573483E-01,1.733760E-01,1.080598E-01,6.319926E-02,3.458953E-02,1.768382E-02,8.429865E-03,3.700602E-03,1.539849E-03,6.304514E-04,2.291282E-04,6.548194E-05,1.656749E-05,3.631448E-06,6.705637E-07,1.010575E-07
-9.41787,39.60000,0.00000,8.713816E-01,8.619574E-01,8.440286E-01,8.117340E-01,7.504970E-01,6.662899E-01,5.638905E-01,4.533989E-01,3.456488E-01,2.485779E-01,1.670695E-01,1.039392E-01,5.955407E-02,3.277808E-02,1.649767E-02,7.720008E-03,3.339972E-03,1.420968E-03,5.702002E-04,1.944248E-04,5.590057E-05,1.435442E-05,3.203322E-06,6.002986E-07,9.118398E-08
-9.31787,38.20000,0.00000,9.377249E-01,9.318693E-01,9.202248E-01,8.991216E-01,8.638538E-01,8.097502E-01,7.345086E-01,6.403194E-01,5.336198E-01,4.226903E-01,3.029520E-01,1.959961E-01,1.146852E-01,6.232052E-02,3.397370E-02,1.568816E-02,6.661887E-03,2.695343E-03,1.056842E-03,3.857648E-04,1.388111E-04,4.812926E-05,1.553819E-05,3.676587E-06,6.011985E-07
-9.31787,38.30000,0.00000,9.354477E-01,9.293991E-01,9.174199E-01,8.958321E-01,8.600274E-01,8.056110E-01,7.306777E-01,6.376700E-01,5.328558E-01,4.189160E-01,2.956732E-01,1.905621E-01,1.111388E-01,6.393352E-02,3.407494E-02,1.528859E-02,6.769649E-03,3.019538E-03,1.216412E-03,4.388368E-04,1.423835E-04,4.984861E-05,1.621298E-05,4.636734E-06,7.619290E-07
-9.31787,38.40000,0.00000,9.318179E-01,9.255328E-01,9.131387E-01,8.909445E-01,8.544532E-01,7.995703E-01,7.248098E-01,6.328667E-01,5.298341E-01,4.115168E-01,2.894377E-01,1.858411E-01,1.086898E-01,6.519586E-02,3.307945E-02,1.493682E-02,7.005700E-03,3.137728E-03,1.266617E-03,4.567890E-04,1.460259E-04,5.028208E-05,1.631125E-05,4.714387E-06,8.026753E-07
-9.31787,38.50000,0.00000,9.309509E-01,9.244897E-01,9.118013E-01,8.891878E-01,8.522258E-01,7.970325E-01,7.224227E-01,6.312357E-01,5.280487E-01,3.998594E-01,2.803420E-01,1.795125E-01,1.093895E-01,6.432382E-02,3.205491E-02,1.460299E-02,7.067848E-03,3.161434E-03,1.272585E-03,4.573330E-04,1.460659E-04,5.087418E-05,1.638290E-05,4.717765E-06,8.053589E-07
-9.31787,38.60000,0.00000,9.284592E-01,9.217905E-01,9.087502E-01,8.856373E-01,8.481231E-01,7.925568E-01,7.180338E-01,6.275028E-01,5.173088E-01,3.905444E-01,2.730304E-01,1.743726E-01,1.079718E-01,6.399902E-02,3.121904E-02,1.438738E-02,7.048495E-03,3.140354E-03,1.256626E-03,4.481007E-04,1.508417E-04,5.220530E-05,1.629238E-05,4.521406E-06,7.388100E-07
-9.31787,38.70000,0.00000,9.244729E-01,9.175565E-01,9.040890E-01,8.803626E-01,8.421459E-01,7.860214E-01,7.113525E-01,6.211907E-01,5.056375E-01,3.803973E-01,2.650045E-01,1.686863E-01,1.063799E-01,6.169720E-02,3.021021E-02,1.410559E-02,6.905607E-03,3.074939E-03,1.230326E-03,4.388085E-04,1.530381E-04,5.211448E-05,1.562229E-05,4.339079E-06,6.966289E-07
-9.31787,38.80000,0.00000,9.191587E-01,9.119319E-01,8.979240E-01,8.734022E-01,8.342238E-01,7.771973E-01,7.019548E-01,6.117022E-01,4.918841E-01,3.683135E-01,2.553044E-01,1.617261E-01,1.031241E-01,5.870094E-02,2.881852E-02,1.356747E-02,6.639280E-03,2.959092E-03,1.187464E-03,4.292553E-04,1.563623E-04,5.303417E-05,1.540626E-05,4.177122E-06,6.591707E-07
-9.31787,38.90000,0.00000,9.133509E-01,9.058328E-01,8.913121E-01,8.660302E-01,8.259151E-01,7.679563E-01,6.919994E-01,5.973462E-01,4.741407E-01,3.536559E-01,2.443652E-01,1.545282E-01,9.873269E-02,5.608261E-02,2.775782E-02,1.315682E-02,6.212072E-03,2.761029E-03,1.121082E-03,4.359727E-04,1.587196E-04,5.358575E-05,1.545586E-05,4.015941E-06,6.327800E-07
-9.31787,39.00000,0.00000,9.067265E-01,8.989323E-01,8.839251E-01,8.579223E-01,8.169178E-01,7.580494E-01,6.813282E-01,5.764628E-01,4.545522E-01,3.366760E-01,2.314728E-01,1.469991E-01,9.317832E-02,5.239184E-02,2.613290E-02,1.253095E-02,5.847632E-03,2.626112E-03,1.108983E-03,4.329850E-04,1.549795E-04,4.630421E-05,1.435589E-05,2.727649E-06,4.145899E-07
-9.31787,39.10000,0.00000,9.032294E-01,8.951907E-01,8.797696E-01,8.531529E-01,8.113419E-01,7.515139E-01,6.737307E-01,5.607771E-01,4.394133E-01,3.234755E-01,2.212616E-01,1.397644E-01,8.748607E-02,4.960574E-02,2.496352E-02,1.208299E-02,5.681801E-03,2.572074E-03,1.097898E-03,3.924338E-04,1.286700E-04,4.527517E-05,1.020585E-05,1.902488E-06,2.871834E-07
-9.31787,39.20000,0.00000,9.024948E-01,8.942389E-01,8.784490E-01,8.512548E-01,8.085923E-01,7.475896E-01,6.577669E-01,5.411965E-01,4.209839E-01,3.077883E-01,2.093390E-01,1.336847E-01,8.289671E-02,4.638326E-02,2.343655E-02,1.135690E-02,5.327113E-03,2.407283E-03,1.008369E-03,3.547646E-04,1.132071E-04,3.926917E-05,9.969279E-06,1.913983E-06,2.989104E-07
-9.31787,39.30000,0.00000,8.928760E-01,8.842900E-01,8.679042E-01,8.397964E-01,7.959281E-01,7.318489E-01,6.296793E-01,5.140733E-01,3.970663E-01,2.886338E-01,1.955940E-01,1.247246E-01,7.637846E-02,4.292459E-02,2.196139E-02,1.073683E-02,5.054739E-03,2.286775E-03,9.067334E-04,3.180129E-04,1.083836E-04,3.774610E-05,9.332814E-06,1.803331E-06,2.830693E-07
-9.31787,39.40000,0.00000,8.816425E-01,8.727424E-01,8.557770E-01,8.267677E-01,7.816932E-01,7.122766E-01,6.097545E-01,4.955692E-01,3.813899E-01,2.764993E-01,1.870483E-01,1.168920E-01,7.004882E-02,3.974085E-02,2.080869E-02,1.026148E-02,4.664023E-03,1.935533E-03,7.609241E-04,2.832688E-04,1.065575E-04,3.204730E-05,7.528246E-06,1.476231E-06,2.353795E-07
-9.31787,39.50000,0.00000,8.752668E-01,8.660930E-01,8.486246E-01,8.188005E-01,7.684974E-01,6.855261E-01,5.830246E-01,4.709232E-01,3.604410E-01,2.601149E-01,1.753511E-01,1.093474E-01,6.473525E-02,3.556078E-02,1.807121E-02,8.658356E-03,3.890180E-03,1.609437E-03,6.712929E-04,2.487398E-04,7.126736E-05,1.799735E-05,3.930837E-06,7.247731E-07,1.095952E-07
-9.31787,39.60000,0.00000,8.706499E-01,8.612396E-01,8.433396E-01,8.051511E-01,7.434573E-01,6.589743E-01,5.566214E-01,4.465329E-01,3.395078E-01,2.434248E-01,1.630631E-01,1.011107E-01,5.924683E-02,3.233266E-02,1.619157E-02,7.678410E-03,3.338202E-03,1.377094E-03,5.661249E-04,1.971989E-04,5.635061E-05,1.443668E-05,3.234309E-06,6.122818E-07,9.442608E-08
-9.31787,39.70000,0.00000,8.626649E-01,8.529740E-01,8.345424E-01,7.930983E-01,7.299656E-01,6.445553E-01,5.422779E-01,4.333712E-01,3.283363E-01,2.346129E-01,1.566085E-01,9.669042E-02,5.520015E-02,3.000628E-02,1.496339E-02,6.906674E-03,2.972876E-03,1.275848E-03,5.239428E-04,1.739179E-04,5.114579E-05,1.349805E-05,3.093859E-06,5.934953E-07,9.201590E-08
-9.31787,39.80000,0.00000,8.492942E-01,8.351554E-01,8.088610E-01,7.652109E-01,7.002544E-01,6.141253E-01,5.129219E-01,4.069296E-01,3.061581E-01,2.173665E-01,1.442752E-01,8.859555E-02,5.160242E-02,2.742355E-02,1.357411E-02,6.326974E-03,2.666502E-03,1.154123E-03,4.829217E-04,1.646992E-04,4.951618E-05,1.331758E-05,3.098571E-06,6.020550E-07,9.456647E-08
-9.21787,36.90000,0.00000,9.111359E-01,8.904776E-01,8.582669E-01,8.110693E-01,7.466277E-01,6.653264E-01,5.708471E-01,4.695051E-01,3.687888E-01,2.758512E-01,1.962037E-01,1.327463E-01,8.554082E-02,5.251139E-02,3.062370E-02,1.686238E-02,8.693784E-03,4.158111E-03,1.826026E-03,7.269037E-04,2.578545E-04,7.975411E-05,2.098525E-05,4.582898E-06,8.118479E-07
-9.21787,37.00000,0.00000,9.126896E-01,8.921667E-01,8.600765E-01,8.128739E-01,7.481428E-01,6.661516E-01,5.706419E-01,4.681889E-01,3.666006E-01,2.732199E-01,1.935496E-01,1.303603E-01,8.357400E-02,5.101232E-02,2.956824E-02,1.617517E-02,8.275129E-03,3.914219E-03,1.688042E-03,6.523058E-04,2.212403E-04,6.439525E-05,1.573320E-05,3.162473E-06,5.134010E-07
-9.21787,37.10000,0.00000,9.358013E-01,9.305778E-01,9.199319E-01,9.001858E-01,8.663615E-01,8.130484E-01,7.369366E-01,6.398919E-01,5.294154E-01,4.155909E-01,3.076997E-01,2.131424E-01,1.371854E-01,8.191007E-02,4.554584E-02,2.368764E-02,1.149677E-02,5.146920E-03,2.088520E-03,7.548177E-04,2.394460E-04,6.581680E-05,1.545445E-05,3.044903E-06,4.921023E-07
-9.21787,37.20000,0.00000,9.367636E-01,9.315573E-01,9.209446E-01,9.012382E-01,8.674196E-01,8.139887E-01,7.375284E-01,6.398785E-01,5.286657E-01,4.141872E-01,3.058868E-01,2.112111E-01,1.353873E-01,8.041382E-02,4.442431E-02,2.292835E-02,1.103384E-02,4.866221E-03,1.969710E-03,7.071855E-04,2.236272E-04,6.152502E-05,1.450548E-05,2.872777E-06,4.663472E-07
-9.21787,38.20000,0.00000,9.352143E-01,9.292666E-01,9.174467E-01,8.960712E-01,8.604712E-01,8.060865E-01,7.307836E-01,6.368921E-01,5.308592E-01,4.208196E-01,3.039974E-01,1.967728E-01,1.152188E-01,6.246772E-02,3.410823E-02,1.582822E-02,6.736012E-03,2.731864E-03,1.056394E-03,3.923777E-04,1.411495E-04,4.865099E-05,1.570364E-05,3.612169E-06,5.938279E-07
-9.21787,38.30000,0.00000,9.320899E-01,9.259504E-01,9.137940E-01,8.919374E-01,8.558292E-01,8.012162E-01,7.263823E-01,6.338899E-01,5.299637E-01,4.211358E-01,2.973727E-01,1.917392E-01,1.118837E-01,6.408316E-02,3.436288E-02,1.545210E-02,6.785510E-03,3.024127E-03,1.215822E-03,4.372577E-04,1.458959E-04,5.090157E-05,1.644213E-05,4.611453E-06,7.625289E-07
-9.21787,38.40000,0.00000,9.321531E-01,9.258537E-01,9.134400E-01,8.912248E-01,8.547320E-01,7.999146E-01,7.253567E-01,6.337785E-01,5.311811E-01,4.127356E-01,2.904509E-01,1.866258E-01,1.093322E-01,6.561214E-02,3.338176E-02,1.513000E-02,7.023302E-03,3.141694E-03,1.265253E-03,4.547942E-04,1.487543E-04,5.176620E-05,1.662276E-05,4.780111E-06,8.034928E-07
-9.21787,38.50000,0.00000,9.307530E-01,9.242665E-01,9.115368E-01,8.888714E-01,8.518790E-01,7.967497E-01,7.223935E-01,6.316815E-01,5.303719E-01,4.054996E-01,2.845010E-01,1.822349E-01,1.103371E-01,6.514534E-02,3.257171E-02,1.490230E-02,7.144393E-03,3.192513E-03,1.282463E-03,4.595675E-04,1.532893E-04,5.297995E-05,1.674021E-05,4.790798E-06,8.112347E-07
-9.21787,38.60000,0.00000,9.297464E-01,9.230751E-01,9.100394E-01,8.869423E-01,8.494657E-01,7.939973E-01,7.196954E-01,6.295186E-01,5.195307E-01,3.924374E-01,2.743918E-01,1.752512E-01,1.090743E-01,6.438248E-02,3.147722E-02,1.461032E-02,7.173518E-03,3.203381E-03,1.285582E-03,4.604692E-04,1.641646E-04,5.649955E-05,1.689519E-05,4.814527E-06,8.048757E-07
-9.21787,38.70000,0.00000,9.201567E-01,9.131132E-01,8.994097E-01,8.753395E-01,8.367617E-01,7.804537E-01,7.060058E-01,6.165706E-01,5.056667E-01,3.802775E-01,2.646933E-01,1.683007E-01,1.061425E-01,6.151520E-02,3.015254E-02,1.413753E-02,6.946427E-03,3.107562E-03,1.251129E-03,4.781147E-04,1.803455E-04,6.136054E-05,1.648140E-05,4.631546E-06,7.576589E-07
-9.21787,38.80000,0.00000,9.162863E-01,9.089962E-01,8.948689E-01,8.701853E-01,8.308809E-01,7.739172E-01,6.990871E-01,6.096313E-01,4.938856E-01,3.701881E-01,2.568223E-01,1.628751E-01,1.035018E-01,5.931127E-02,2.926279E-02,1.383805E-02,6.714188E-03,3.006421E-03,1.257716E-03,5.108001E-04,1.936406E-04,6.327981E-05,1.629573E-05,4.468543E-06,7.129834E-07
-9.21787,38.90000,0.00000,9.123365E-01,9.047818E-01,8.901969E-01,8.648340E-01,8.246760E-01,7.668242E-01,6.912511E-01,6.013210E-01,4.813760E-01,3.590609E-01,2.481908E-01,1.569746E-01,9.965062E-02,5.679804E-02,2.823918E-02,1.353241E-02,6.378290E-03,2.942616E-03,1.295384E-03,5.277827E-04,1.973124E-04,6.102367E-05,1.651382E-05,4.326364E-06,6.866686E-07
-9.21787,39.00000,0.00000,9.047643E-01,8.969135E-01,8.818024E-01,8.556604E-01,8.145445E-01,7.557282E-01,6.793744E-01,5.788833E-01,4.563888E-01,3.379142E-01,2.323070E-01,1.479732E-01,9.429881E-02,5.271819E-02,2.649802E-02,1.288258E-02,6.164549E-03,2.880853E-03,1.279192E-03,5.234836E-04,1.860255E-04,5.596981E-05,1.708188E-05,3.778971E-06,6.037736E-07
-9.21787,39.10000,0.00000,9.043809E-01,8.963329E-01,8.809015E-01,8.542815E-01,8.125002E-01,7.528017E-01,6.753390E-01,5.634314E-01,4.414669E-01,3.249068E-01,2.222202E-01,1.426751E-01,9.005061E-02,4.993884E-02,2.529123E-02,1.239450E-02,5.963923E-03,2.795933E-03,1.248685E-03,5.007914E-04,1.647742E-04,5.203697E-05,1.638934E-05,3.489954E-06,5.736833E-07
-9.21787,39.20000,0.00000,8.969054E-01,8.885500E-01,8.725722E-01,8.451191E-01,8.022358E-01,7.412500E-01,6.574379E-01,5.407614E-01,4.204178E-01,3.071831E-01,2.088639E-01,1.342540E-01,8.320425E-02,4.642237E-02,2.362568E-02,1.159366E-02,5.558457E-03,2.597479E-03,1.173164E-03,4.780727E-04,1.599299E-04,4.856042E-05,1.415759E-05,3.656947E-06,6.174680E-07
-9.21787,39.30000,0.00000,8.915437E-01,8.829143E-01,8.664505E-01,8.382416E-01,7.943024E-01,7.319838E-01,6.304207E-01,5.151076E-01,3.982293E-01,2.897435E-01,1.965241E-01,1.261526E-01,7.770693E-02,4.334294E-02,2.229649E-02,1.101817E-02,5.291702E-03,2.479163E-03,1.138539E-03,4.403497E-04,1.489285E-04,4.590220E-05,1.404494E-05,3.693715E-06,6.338183E-07
-9.21787,39.40000,0.00000,8.803854E-01,8.714500E-01,8.544207E-01,8.253291E-01,7.802074E-01,7.072654E-01,6.051189E-01,4.916298E-01,3.783178E-01,2.743129E-01,1.856417E-01,1.164373E-01,7.103251E-02,4.039180E-02,2.115315E-02,1.045172E-02,5.011136E-03,2.247439E-03,9.045067E-04,3.379951E-04,1.172391E-04,4.054165E-05,1.288021E-05,2.901281E-06,5.052823E-07
-9.21787,39.50000,0.00000,8.778433E-01,8.686503E-01,8.511605E-01,8.213133E-01,7.750469E-01,6.947175E-01,5.919698E-01,4.789880E-01,3.671278E-01,2.651685E-01,1.787929E-01,1.114446E-01,6.603923E-02,3.623218E-02,1.868736E-02,8.900376E-03,4.042692E-03,1.654842E-03,6.950107E-04,2.778983E-04,8.067153E-05,2.046275E-05,4.445462E-06,8.088343E-07,1.201388E-07
-9.21787,39.60000,0.00000,8.722225E-01,8.627666E-01,8.447936E-01,8.047540E-01,7.431196E-01,6.587235E-01,5.564634E-01,4.464427E-01,3.394425E-01,2.433600E-01,1.630032E-01,1.010570E-01,5.968110E-02,3.253682E-02,1.642216E-02,7.734772E-03,3.411807E-03,1.391155E-03,5.752981E-04,2.026286E-04,5.763168E-05,1.467554E-05,3.269087E-06,6.161678E-07,9.473127E-08
-9.21787,39.70000,0.00000,8.634887E-01,8.537932E-01,8.351189E-01,7.936772E-01,7.308015E-01,6.456817E-01,5.436495E-01,4.348565E-01,3.297662E-01,2.358461E-01,1.575713E-01,9.736202E-02,5.564898E-02,3.030155E-02,1.514955E-02,6.983346E-03,3.016940E-03,1.296918E-03,5.331998E-04,1.745950E-04,5.114617E-05,1.346776E-05,3.084423E-06,5.915797E-07,9.171088E-08
-9.21787,39.80000,0.00000,8.406737E-01,8.264251E-01,7.999593E-01,7.561616E-01,6.912715E-01,6.056202E-01,5.053748E-01,4.007121E-01,3.014602E-01,2.141953E-01,1.424502E-01,8.774122E-02,5.135298E-02,2.730280E-02,1.361934E-02,6.169335E-03,2.687055E-03,1.164871E-03,4.881862E-04,1.607839E-04,4.854094E-05,1.312338E-05,3.066394E-06,5.972934E-07,9.392098E-08
-9.21787,39.90000,0.00000,8.156473E-01,8.007188E-01,7.732205E-01,7.282825E-01,6.627322E-01,5.776255E-01,4.795293E-01,3.784393E-01,2.835976E-01,2.009310E-01,1.334214E-01,8.213003E-02,4.715558E-02,2.517734E-02,1.227570E-02,5.642639E-03,2.538104E-03,1.104013E-03,4.498704E-04,1.517226E-04,4.707862E-05,1.303086E-05,3.106772E-06,6.173598E-07,9.928456E-08
-9.21787,40.00000,0.00000,7.888003E-01,7.734200E-01,7.452710E-01,6.997460E-01,6.342084E-01,5.503030E-01,4.548416E-01,3.575429E-01,2.670628E-01,1.887355E-01,1.250170E-01,7.737349E-02,4.484493E-02,2.378051E-02,1.151707E-02,5.173486E-03,2.296002E-03,9.800452E-04,4.033240E-04,1.482442E-04,4.672274E-05,1.311319E-05,3.171184E-06,6.408200E-07,1.052260E-07
-9.11787,36.90000,0.00000,9.062130E-01,8.855667E-01,8.532580E-01,8.059001E-01,7.413530E-01,6.601524E-01,5.660851E-01,4.654356E-01,3.655437E-01,2.733979E-01,1.944074E-01,1.314450E-01,8.458821E-02,5.180020E-02,3.009191E-02,1.647896E-02,8.437939E-03,4.004940E-03,1.745738E-03,6.908478E-04,2.442956E-04,7.558743E-05,1.996430E-05,4.388557E-06,7.839571E-07
-9.11787,37.00000,0.00000,9.305028E-01,9.251491E-01,9.142205E-01,8.939838E-01,8.594816E-01,8.054636E-01,7.289225E-01,6.320344E-01,5.224193E-01,4.100138E-01,3.037870E-01,2.108043E-01,1.360759E-01,8.157598E-02,4.558275E-02,2.383097E-02,1.162536E-02,5.232141E-03,2.138658E-03,7.826259E-04,2.535231E-04,7.186840E-05,1.753830E-05,3.601369E-06,6.055580E-07
-9.11787,37.10000,0.00000,9.325185E-01,9.272042E-01,9.163594E-01,8.962560E-01,8.619000E-01,8.079377E-01,7.312126E-01,6.338144E-01,5.234386E-01,4.102299E-01,3.033620E-01,2.099996E-01,1.351452E-01,8.070787E-02,4.488337E-02,2.333358E-02,1.131080E-02,5.054370E-03,2.048114E-03,7.406126E-04,2.358031E-04,6.526740E-05,1.546731E-05,3.078003E-06,5.023551E-07
-9.11787,37.20000,0.00000,9.348473E-01,9.295785E-01,9.188347E-01,8.988990E-01,8.647459E-01,8.109161E-01,7.340954E-01,6.362567E-01,5.251288E-01,4.110262E-01,3.033240E-01,2.093389E-01,1.341511E-01,7.966051E-02,4.398136E-02,2.266578E-02,1.087704E-02,4.806636E-03,1.925173E-03,6.886608E-04,2.174985E-04,5.997994E-05,1.422957E-05,2.844824E-06,4.671878E-07
-9.11787,37.30000,0.00000,9.358423E-01,9.305881E-01,9.198762E-01,8.999899E-01,8.658775E-01,8.120127E-01,7.349864E-01,6.367170E-01,5.249892E-01,4.102613E-01,3.020476E-01,2.077516E-01,1.324821E-01,7.812102E-02,4.271995E-02,2.174260E-02,1.027171E-02,4.451026E-03,1.739097E-03,6.029975E-04,1.833790E-04,4.843927E-05,1.097695E-05,2.095378E-06,3.286800E-07
-9.11787,37.40000,0.00000,9.374825E-01,9.322225E-01,9.215184E-01,9.016560E-01,8.675619E-01,8.136507E-01,7.364313E-01,6.377510E-01,5.254197E-01,4.100069E-01,3.011918E-01,2.065118E-01,1.311235E-01,7.686817E-02,4.171230E-02,2.102956E-02,9.720047E-03,4.163592E-03,1.633796E-03,5.633864E-04,1.709615E-04,4.515767E-05,1.022527E-05,1.942201E-06,3.010642E-07
-9.11787,37.80000,0.00000,9.372598E-01,9.317644E-01,9.206818E-01,9.002990E-01,8.656337E-01,8.113331E-01,7.341775E-01,6.360213E-01,5.242948E-01,4.091377E-01,3.001669E-01,2.051703E-01,1.295461E-01,7.181418E-02,3.536111E-02,1.618143E-02,6.989193E-03,2.879169E-03,1.124132E-03,4.219136E-04,1.309783E-04,3.403112E-05,7.696531E-06,1.478055E-06,2.335872E-07
-9.11787,37.90000,0.00000,9.383877E-01,9.328185E-01,9.216306E-01,9.011199E-01,8.663532E-01,8.120983E-01,7.353009E-01,6.378478E-01,5.269043E-01,4.121893E-01,3.031053E-01,2.075734E-01,1.282714E-01,6.880680E-02,3.374006E-02,1.540369E-02,6.784939E-03,2.791669E-03,1.068070E-03,3.991924E-04,1.320849E-04,3.433051E-05,7.765281E-06,1.489719E-06,2.349523E-07
-9.11787,38.00000,0.00000,9.385544E-01,9.328895E-01,9.215528E-01,9.008510E-01,8.659226E-01,8.117117E-01,7.354017E-01,6.389599E-01,5.292743E-01,4.155544E-01,3.068397E-01,2.095593E-01,1.237134E-01,6.605168E-02,3.230383E-02,1.545822E-02,6.820903E-03,2.815551E-03,1.052383E-03,3.885975E-04,1.407530E-04,3.967815E-05,9.219023E-06,1.808186E-06,2.892037E-07
-9.11787,38.10000,0.00000,9.353722E-01,9.295194E-01,9.178475E-01,8.966572E-01,8.611913E-01,8.066841E-01,7.307270E-01,6.355336E-01,5.277994E-01,4.161708E-01,3.091028E-01,2.040521E-01,1.199071E-01,6.379404E-02,3.227869E-02,1.584401E-02,6.939119E-03,2.791060E-03,1.071137E-03,3.911316E-04,1.399026E-04,4.207558E-05,9.268950E-06,1.708500E-06,2.560065E-07
-9.11787,38.20000,0.00000,9.341516E-01,9.281459E-01,9.162160E-01,8.946620E-01,8.588207E-01,8.041789E-01,7.286908E-01,6.347805E-01,5.289223E-01,4.192085E-01,3.059475E-01,1.980111E-01,1.158927E-01,6.211139E-02,3.390627E-02,1.588773E-02,6.761494E-03,2.743510E-03,1.061880E-03,3.948472E-04,1.421474E-04,4.898870E-05,1.579852E-05,3.553464E-06,5.822296E-07
-9.11787,38.30000,0.00000,9.328112E-01,9.266493E-01,9.144609E-01,8.925553E-01,8.563762E-01,8.016723E-01,7.267475E-01,6.341892E-01,5.302157E-01,4.223602E-01,2.985873E-01,1.926457E-01,1.124955E-01,6.399274E-02,3.460623E-02,1.558812E-02,6.760121E-03,3.010016E-03,1.208656E-03,4.340306E-04,1.477382E-04,5.144222E-05,1.655908E-05,4.536813E-06,7.465370E-07
-9.11787,38.40000,0.00000,9.322112E-01,9.258817E-01,9.134139E-01,8.911116E-01,8.544951E-01,7.995407E-01,7.248858E-01,6.333010E-01,5.307767E-01,4.145998E-01,2.919779E-01,1.877434E-01,1.093279E-01,6.547274E-02,3.367466E-02,1.530044E-02,6.997778E-03,3.127159E-03,1.257762E-03,4.513915E-04,1.520441E-04,5.287004E-05,1.688071E-05,4.720843E-06,7.832805E-07
-9.11787,38.50000,0.00000,9.294933E-01,9.229526E-01,9.101238E-01,8.873126E-01,8.501546E-01,7.949101E-01,7.205709E-01,6.300448E-01,5.290428E-01,4.064069E-01,2.852614E-01,1.828112E-01,1.101441E-01,6.545436E-02,3.278206E-02,1.505099E-02,7.131673E-03,3.185399E-03,1.278722E-03,4.577550E-04,1.589939E-04,5.485047E-05,1.697163E-05,4.763375E-06,7.899188E-07
-9.11787,38.60000,0.00000,9.254637E-01,9.186664E-01,9.053928E-01,8.819411E-01,8.440639E-01,7.883077E-01,7.140110E-01,6.242206E-01,5.192414E-01,3.922197E-01,2.741672E-01,1.750602E-01,1.081098E-01,6.434056E-02,3.148524E-02,1.461490E-02,7.117466E-03,3.183953E-03,1.280874E-03,4.743872E-04,1.778370E-04,6.170578E-05,1.729255E-05,4.797635E-06,7.889042E-07
-9.11787,38.70000,0.00000,9.199891E-01,9.129193E-01,8.991682E-01,8.750315E-01,8.363882E-01,7.800664E-01,7.057192E-01,6.165030E-01,5.073594E-01,3.818630E-01,2.659530E-01,1.692283E-01,1.063882E-01,6.192877E-02,3.044855E-02,1.430330E-02,6.991026E-03,3.130704E-03,1.316137E-03,5.677106E-04,2.288981E-04,6.783385E-05,1.962693E-05,4.624522E-06,7.447788E-07
-9.11787,38.80000,0.00000,9.180870E-01,9.107918E-01,8.966599E-01,8.719631E-01,8.326241E-01,7.756122E-01,7.007614E-01,6.113377E-01,4.955913E-01,3.715612E-01,2.579046E-01,1.636642E-01,1.040954E-01,5.964437E-02,2.953473E-02,1.408043E-02,6.787062E-03,3.121232E-03,1.455769E-03,6.605963E-04,2.268968E-04,6.658676E-05,2.084337E-05,4.447184E-06,7.024337E-07
-9.11787,38.90000,0.00000,9.120520E-01,9.044733E-01,8.898454E-01,8.644252E-01,8.242226E-01,7.664050E-01,6.910232E-01,6.009226E-01,4.765181E-01,3.545009E-01,2.445394E-01,1.561252E-01,1.005144E-01,5.581630E-02,2.788037E-02,1.350744E-02,6.530968E-03,3.174296E-03,1.524667E-03,6.635656E-04,2.258381E-04,6.486707E-05,1.980608E-05,4.323566E-06,6.783097E-07
-9.11787,39.00000,0.00000,9.052531E-01,8.973858E-01,8.822484E-01,8.560722E-01,8.149327E-01,7.561560E-01,6.799781E-01,5.789278E-01,4.561086E-01,3.374121E-01,2.318142E-01,1.495555E-01,9.539996E-02,5.269718E-02,2.664205E-02,1.311007E-02,6.438594E-03,3.163210E-03,1.521338E-03,6.057158E-04,2.065566E-04,7.686854E-05,1.991555E-05,3.917115E-06,6.149399E-07
-9.11787,39.10000,0.00000,9.027634E-01,8.946599E-01,8.791269E-01,8.523622E-01,8.104396E-01,7.507073E-01,6.734535E-01,5.605468E-01,4.386441E-01,3.224196E-01,2.203016E-01,1.428707E-01,9.013271E-02,4.952069E-02,2.516511E-02,1.245173E-02,6.128411E-03,2.992808E-03,1.417387E-03,5.581790E-04,1.932974E-04,7.428456E-05,1.866687E-05,3.723658E-06,5.959178E-07
-9.11787,39.20000,0.00000,8.956640E-01,8.872504E-01,8.711658E-01,8.435561E-01,8.005047E-01,7.394399E-01,6.583902E-01,5.418915E-01,4.215603E-01,3.081866E-01,2.096470E-01,1.351282E-01,8.453280E-02,4.663153E-02,2.385561E-02,1.182949E-02,5.782128E-03,2.783085E-03,1.302224E-03,5.336820E-04,1.805899E-04,6.497927E-05,1.892557E-05,3.848481E-06,6.294774E-07
-9.11787,39.30000,0.00000,8.926803E-01,8.840436E-01,8.675697E-01,8.393468E-01,7.954046E-01,7.331381E-01,6.390159E-01,5.231146E-01,4.050418E-01,2.949950E-01,2.001489E-01,1.283697E-01,7.960708E-02,4.400731E-02,2.268235E-02,1.128849E-02,5.507790E-03,2.652665E-03,1.268630E-03,5.013470E-04,1.737668E-04,6.479953E-05,1.920334E-05,3.974504E-06,6.609171E-07
-9.11787,39.40000,0.00000,8.805677E-01,8.716171E-01,8.545608E-01,8.254358E-01,7.803018E-01,7.099913E-01,6.080216E-01,4.944812E-01,3.808701E-01,2.763788E-01,1.871461E-01,1.180890E-01,7.249756E-02,4.150621E-02,2.145735E-02,1.069300E-02,5.212406E-03,2.434520E-03,1.009433E-03,3.830585E-04,1.329734E-04,4.786389E-05,1.489244E-05,3.116469E-06,5.237259E-07
-9.11787,39.50000,0.00000,8.779901E-01,8.687919E-01,8.512924E-01,8.214388E-01,7.734754E-01,6.909102E-01,5.884918E-01,4.760311E-01,3.647809E-01,2.634422E-01,1.776384E-01,1.107566E-01,6.585065E-02,3.684532E-02,1.915772E-02,9.196972E-03,4.148589E-03,1.730175E-03,7.078161E-04,2.851067E-04,8.675635E-05,2.185482E-05,4.676745E-06,8.323133E-07,1.202487E-07
-9.11787,39.60000,0.00000,8.760640E-01,8.666033E-01,8.469039E-01,8.069443E-01,7.455697E-01,6.613823E-01,5.591834E-01,4.490120E-01,3.416582E-01,2.450926E-01,1.642260E-01,1.022011E-01,6.043084E-02,3.297728E-02,1.667995E-02,7.850104E-03,3.484469E-03,1.410736E-03,5.843514E-04,2.076222E-04,5.866338E-05,1.478638E-05,3.251310E-06,6.035417E-07,9.116191E-08
-9.11787,39.70000,0.00000,8.616418E-01,8.482919E-01,8.232478E-01,7.812383E-01,7.179454E-01,6.328925E-01,5.316148E-01,4.242225E-01,3.209828E-01,2.291181E-01,1.528398E-01,9.434474E-02,5.510875E-02,2.989901E-02,1.494269E-02,6.927789E-03,2.940245E-03,1.245017E-03,5.175063E-04,1.753989E-04,5.111233E-05,1.336788E-05,3.035115E-06,5.756014E-07,8.797073E-08
-9.11787,39.80000,0.00000,8.366647E-01,8.224003E-01,7.959099E-01,7.521240E-01,6.873651E-01,6.020446E-01,5.023376E-01,3.983387E-01,2.997733E-01,2.131400E-01,1.419206E-01,8.778019E-02,5.140259E-02,2.742545E-02,1.373252E-02,6.198950E-03,2.715592E-03,1.177303E-03,4.908604E-04,1.605320E-04,4.824711E-05,1.296773E-05,3.004921E-06,5.784751E-07,8.955222E-08
-9.11787,39.90000,0.00000,8.220186E-01,8.071526E-01,7.797489E-01,7.348852E-01,6.692724E-01,5.838440E-01,4.851135E-01,3.831242E-01,2.872326E-01,2.035015E-01,1.350332E-01,8.300736E-02,4.719998E-02,2.521009E-02,1.229673E-02,5.655914E-03,2.541708E-03,1.105531E-03,4.493762E-04,1.510570E-04,4.667111E-05,1.283736E-05,3.031282E-06,5.939131E-07,9.370412E-08
-9.11787,40.00000,0.00000,7.795229E-01,7.641801E-01,7.360952E-01,6.907342E-01,6.255828E-01,5.423791E-01,4.479183E-01,3.518009E-01,2.625543E-01,1.854111E-01,1.234855E-01,7.726252E-02,4.426973E-02,2.353118E-02,1.154740E-02,5.130847E-03,2.235861E-03,9.559511E-04,3.954543E-04,1.477021E-04,4.630814E-05,1.289627E-05,3.082137E-06,6.122866E-07,9.825065E-08
-9.11787,40.10000,0.00000,7.756959E-01,7.598838E-01,7.311069E-01,6.848902E-01,6.188977E-01,5.351387E-01,4.406380E-01,3.450347E-01,2.566962E-01,1.806346E-01,1.191072E-01,7.399026E-02,4.254736E-02,2.247978E-02,1.086025E-02,4.819000E-03,2.088803E-03,8.887950E-04,3.669909E-04,1.449862E-04,4.597536E-05,1.291331E-05,3.109114E-06,6.224217E-07,1.007813E-07
-9.11787,40.20000,0.00000,7.394660E-01,7.234151E-01,6.943407E-01,6.480645E-01,5.827940E-01,5.010699E-01,4.100777E-01,3.191399E-01,2.360591E-01,1.652767E-01,1.098147E-01,6.803631E-02,3.872602E-02,2.043616E-02,9.854348E-03,4.348388E-03,1.886855E-03,8.116976E-04,3.418374E-04,1.394138E-04,4.490726E-05,1.273958E-05,3.081929E-06,6.175819E-07,9.986019E-08
-9.11787,40.30000,0.00000,7.125391E-01,6.963930E-01,6.672484E-01,6.211459E-01,5.566549E-01,4.766566E-01,3.884089E-01,3.009862E-01,2.217749E-01,1.559310E-01,1.035745E-01,6.372179E-02,3.632309E-02,1.906327E-02,9.039083E-03,4.025034E-03,1.789508E-03,7.770007E-04,3.302489E-04,1.340420E-04,4.370906E-05,1.247275E-05,3.014651E-06,5.999618E-07,9.587172E-08
-9.11787,40.40000,0.00000,6.616266E-01,6.465032E-01,6.190827E-01,5.757612E-01,5.155032E-01,4.413375E-01,3.601788E-01,2.803664E-01,2.084777E-01,1.478727E-01,9.838360E-02,6.048819E-02,3.392479E-02,1.780526E-02,8.657915E-03,3.790529E-03,1.687863E-03,7.357872E-04,3.149080E-04,1.308462E-04,4.310381E-05,1.226874E-05,2.943026E-06,5.782476E-07,9.073354E-08
-9.11787,41.60000,0.00000,4.774597E-01,4.640591E-01,4.400004E-01,4.028849E-01,3.531332E-01,2.946643E-01,2.338134E-01,1.768702E-01,1.279158E-01,8.836254E-02,5.791997E-02,3.566368E-02,2.043334E-02,1.082530E-02,5.115340E-03,2.218202E-03,9.213762E-04,3.722255E-04,1.533346E-04,6.283903E-05,2.479942E-05,9.031127E-06,2.200509E-06,4.256423E-07,6.533867E-08
-9.11787,41.70000,0.00000,4.568090E-01,4.439949E-01,4.209301E-01,3.853153E-01,3.375981E-01,2.815934E-01,2.233940E-01,1.690007E-01,1.222778E-01,8.453979E-02,5.548161E-02,3.420554E-02,1.960959E-02,1.037843E-02,4.924356E-03,2.246996E-03,9.617259E-04,3.915399E-04,1.575251E-04,6.154131E-05,2.406300E-05,8.809222E-06,2.746635E-06,5.451597E-07,8.587252E-08
-9.11787,41.80000,0.00000,4.530859E-01,4.399571E-01,4.165057E-01,3.805578E-01,3.327293E-01,2.769579E-01,2.193250E-01,1.656946E-01,1.197580E-01,8.271176E-02,5.420780E-02,3.335001E-02,1.905503E-02,1.003269E-02,4.852331E-03,2.165541E-03,9.093914E-04,3.700997E-04,1.464834E-04,5.807844E-05,2.212379E-05,8.037231E-06,2.631954E-06,5.634303E-07,8.953133E-08
-9.11787,41.90000,0.00000,4.434690E-01,4.303374E-01,4.069892E-01,3.713734E-01,3.242241E-01,2.695083E-01,2.131996E-01,1.609596E-01,1.162923E-01,8.029380E-02,5.259651E-02,3.232445E-02,1.843053E-02,9.669208E-03,4.653268E-03,2.065999E-03,8.753001E-04,3.589529E-04,1.441846E-04,5.607240E-05,2.161502E-05,7.887446E-06,2.598540E-06,5.809999E-07,9.318865E-08
-9.11787,42.00000,0.00000,4.313649E-01,4.183539E-01,3.953027E-01,3.602837E-01,3.141293E-01,2.608026E-01,2.061323E-01,1.555537E-01,1.123766E-01,7.760026E-02,5.084103E-02,3.124438E-02,1.780252E-02,9.323350E-03,4.474805E-03,1.982314E-03,8.420220E-04,3.465921E-04,1.402952E-04,5.515936E-05,2.146843E-05,7.858811E-06,2.595165E-06,5.830626E-07,9.368411E-08
-9.11787,42.10000,0.00000,4.080095E-01,3.957779E-01,3.740366E-01,3.409535E-01,2.973363E-01,2.469555E-01,1.953220E-01,1.475483E-01,1.067428E-01,7.384478E-02,4.849083E-02,2.987483E-02,1.705872E-02,8.943701E-03,4.292700E-03,1.902062E-03,8.115096E-04,3.357339E-04,1.370056E-04,5.447954E-05,2.133227E-05,7.836925E-06,2.592843E-06,5.740824E-07,9.142074E-08
-9.11787,42.20000,0.00000,4.011856E-01,3.888354E-01,3.670192E-01,3.340275E-01,2.907982E-01,2.411524E-01,1.905194E-01,1.438336E-01,1.040327E-01,7.196246E-02,4.724102E-02,2.908127E-02,1.657743E-02,8.667101E-03,4.145374E-03,1.831406E-03,7.820468E-04,3.238284E-04,1.324676E-04,5.349701E-05,2.069281E-05,7.587240E-06,2.504373E-06,5.582110E-07,8.753982E-08
-9.01787,36.90000,0.00000,9.061009E-01,8.852749E-01,8.527192E-01,8.050547E-01,7.401838E-01,6.587118E-01,5.644733E-01,4.637686E-01,3.639297E-01,2.719344E-01,1.931704E-01,1.304586E-01,8.381859E-02,5.118674E-02,2.959397E-02,1.608846E-02,8.156690E-03,3.822487E-03,1.638587E-03,6.336462E-04,2.170540E-04,6.446781E-05,1.623776E-05,3.395967E-06,5.781686E-07
-9.01787,37.00000,0.00000,9.304281E-01,9.250377E-01,9.140419E-01,8.936939E-01,8.590244E-01,8.047895E-01,7.280197E-01,6.309505E-01,5.212400E-01,4.088404E-01,3.027187E-01,2.099211E-01,1.354074E-01,8.109264E-02,4.522847E-02,2.356484E-02,1.143119E-02,5.102092E-03,2.060623E-03,7.409723E-04,2.340519E-04,6.414729E-05,1.503439E-05,2.957061E-06,4.766706E-07
-9.01787,37.10000,0.00000,9.324950E-01,9.271503E-01,9.162492E-01,8.960522E-01,8.615530E-01,8.074021E-01,7.304752E-01,6.329165E-01,5.224568E-01,4.092478E-01,3.024617E-01,2.092528E-01,1.345909E-01,8.033147E-02,4.463534E-02,2.316650E-02,1.119932E-02,4.986796E-03,2.013299E-03,7.258117E-04,2.306141E-04,6.373852E-05,1.507851E-05,2.991643E-06,4.859331E-07
-9.01787,37.20000,0.00000,9.332698E-01,9.279470E-01,9.170873E-01,8.969480E-01,8.624946E-01,8.083057E-01,7.311618E-01,6.331610E-01,5.221124E-01,4.083353E-01,3.011388E-01,2.077357E-01,1.330905E-01,7.901553E-02,4.360354E-02,2.244135E-02,1.074246E-02,4.730504E-03,1.887401E-03,6.729213E-04,2.120672E-04,5.841497E-05,1.384378E-05,2.761744E-06,4.516799E-07
-9.01787,37.30000,0.00000,9.342152E-01,9.288939E-01,9.180444E-01,8.979171E-01,8.634451E-01,8.091326E-01,7.316694E-01,6.331161E-01,5.213886E-01,4.069782E-01,2.993384E-01,2.057380E-01,1.311316E-01,7.728972E-02,4.223465E-02,2.146502E-02,1.011599E-02,4.369131E-03,1.701051E-03,5.880962E-04,1.785635E-04,4.715133E-05,1.068421E-05,2.036899E-06,3.183776E-07
-9.01787,37.40000,0.00000,9.344671E-01,9.291284E-01,9.182513E-01,8.980826E-01,8.635427E-01,8.091093E-01,7.314345E-01,6.325523E-01,5.204120E-01,4.056056E-01,2.976981E-01,2.040213E-01,1.295235E-01,7.592431E-02,4.118233E-02,2.073732E-02,9.673244E-03,4.136988E-03,1.598107E-03,5.499632E-04,1.667932E-04,4.408025E-05,9.985372E-06,1.894424E-06,2.925984E-07
-9.01787,37.50000,0.00000,9.358557E-01,9.304917E-01,9.195902E-01,8.994008E-01,8.648329E-01,8.103318E-01,7.324942E-01,6.332944E-01,5.206795E-01,4.053209E-01,2.969306E-01,2.029585E-01,1.283899E-01,7.489923E-02,4.037262E-02,1.971694E-02,8.630090E-03,3.569314E-03,1.397834E-03,5.195846E-04,1.678646E-04,4.591942E-05,1.080698E-05,2.126358E-06,3.389996E-07
-9.01787,37.60000,0.00000,9.361476E-01,9.307429E-01,9.197809E-01,8.995152E-01,8.648680E-01,8.103113E-01,7.324573E-01,6.332521E-01,5.205719E-01,4.050627E-01,2.964755E-01,2.023330E-01,1.276672E-01,7.416382E-02,3.951315E-02,1.821235E-02,7.873442E-03,3.216067E-03,1.245148E-03,4.596976E-04,1.513675E-04,4.070882E-05,9.436993E-06,1.835695E-06,2.907311E-07
-9.01787,37.70000,0.00000,9.366416E-01,9.311804E-01,9.201363E-01,8.997697E-01,8.650343E-01,8.104631E-01,7.327331E-01,6.337604E-01,5.212708E-01,4.057598E-01,2.969752E-01,2.025594E-01,1.276569E-01,7.399467E-02,3.734359E-02,1.712732E-02,7.389547E-03,3.023074E-03,1.177046E-03,4.389016E-04,1.364505E-04,3.593823E-05,8.206234E-06,1.585315E-06,2.515669E-07
-9.01787,37.80000,0.00000,9.367704E-01,9.312319E-01,9.200688E-01,8.995503E-01,8.646820E-01,8.101137E-01,7.326593E-01,6.342338E-01,5.223338E-01,4.071533E-01,2.983308E-01,2.036264E-01,1.283657E-01,7.213071E-02,3.551948E-02,1.625173E-02,7.018154E-03,2.882907E-03,1.129934E-03,4.247479E-04,1.290224E-04,3.389496E-05,7.787191E-06,1.525804E-06,2.471311E-07
-9.01787,37.90000,0.00000,9.362991E-01,9.306432E-01,9.192839E-01,8.984866E-01,8.633109E-01,8.085653E-01,7.312923E-01,6.335137E-01,5.225221E-01,4.081084E-01,2.996482E-01,2.049247E-01,1.287574E-01,6.904519E-02,3.384714E-02,1.544945E-02,6.674504E-03,2.747704E-03,1.072138E-03,4.016806E-04,1.300437E-04,3.416496E-05,7.846214E-06,1.534927E-06,2.479497E-07
-9.01787,38.00000,0.00000,9.359882E-01,9.302331E-01,9.187164E-01,8.977173E-01,8.623766E-01,8.076943E-01,7.309592E-01,6.342682E-01,5.246215E-01,4.112905E-01,3.032802E-01,2.083705E-01,1.244070E-01,6.645031E-02,3.251067E-02,1.518458E-02,6.743142E-03,2.763118E-03,1.058992E-03,3.913595E-04,1.418639E-04,3.967421E-05,9.296604E-06,1.840974E-06,2.978382E-07
-9.01787,38.10000,0.00000,9.346826E-01,9.287898E-01,9.170421E-01,8.957264E-01,8.600805E-01,8.053436E-01,7.291285E-01,6.336880E-01,5.257693E-01,4.140977E-01,3.071832E-01,2.046046E-01,1.202535E-01,6.398746E-02,3.188023E-02,1.563341E-02,6.956389E-03,2.799289E-03,1.075768E-03,3.938173E-04,1.412623E-04,4.313195E-05,9.537196E-06,1.753349E-06,2.603166E-07
-9.01787,38.20000,0.00000,9.344738E-01,9.284471E-01,9.164820E-01,8.948690E-01,8.589286E-01,8.041268E-01,7.284026E-01,6.341873E-01,5.280028E-01,4.180382E-01,3.072189E-01,1.989419E-01,1.165085E-01,6.186028E-02,3.359577E-02,1.599345E-02,6.813098E-03,2.766827E-03,1.072045E-03,3.992097E-04,1.440104E-04,4.976749E-05,1.610362E-05,3.452737E-06,5.555165E-07
-9.01787,38.30000,0.00000,9.330720E-01,9.268749E-01,9.146253E-01,8.926180E-01,8.562762E-01,8.013291E-01,7.260729E-01,6.331169E-01,5.287375E-01,4.205768E-01,3.003052E-01,1.936852E-01,1.130263E-01,6.341550E-02,3.470976E-02,1.563773E-02,6.730446E-03,2.953499E-03,1.187777E-03,4.272765E-04,1.497985E-04,5.228494E-05,1.685813E-05,4.369147E-06,7.057941E-07
-9.01787,38.40000,0.00000,9.304299E-01,9.240249E-01,9.114153E-01,8.888902E-01,8.519805E-01,7.967077E-01,7.217687E-01,6.299847E-01,5.273886E-01,4.153053E-01,2.925591E-01,1.881573E-01,1.095984E-01,6.461415E-02,3.380189E-02,1.538584E-02,6.888928E-03,3.077626E-03,1.238159E-03,4.444782E-04,1.549858E-04,5.379251E-05,1.699466E-05,4.521400E-06,7.347581E-07
-9.01787,38.50000,0.00000,9.290156E-01,9.224255E-01,9.095078E-01,8.865554E-01,8.491998E-01,7.937130E-01,7.191090E-01,6.283169E-01,5.270746E-01,4.077753E-01,2.863717E-01,1.836175E-01,1.090398E-01,6.558152E-02,3.300899E-02,1.519429E-02,7.030698E-03,3.139372E-03,1.260507E-03,4.512927E-04,1.646894E-04,5.679336E-05,1.705940E-05,4.556534E-06,7.391935E-07
-9.01787,38.60000,0.00000,9.212080E-01,9.143075E-01,9.008316E-01,8.770717E-01,8.388331E-01,7.827715E-01,7.083389E-01,6.186323E-01,5.191449E-01,3.922826E-01,2.742231E-01,1.751088E-01,1.066014E-01,6.360888E-02,3.155848E-02,1.469478E-02,6.939824E-03,3.108744E-03,1.253938E-03,5.000138E-04,1.890399E-04,6.476692E-05,1.735444E-05,4.598290E-06,7.400357E-07
-9.01787,38.70000,0.00000,9.219935E-01,9.149308E-01,9.011994E-01,8.770840E-01,8.384306E-01,7.820216E-01,7.074701E-01,6.179177E-01,5.088693E-01,3.831832E-01,2.669964E-01,1.700015E-01,1.059868E-01,6.225171E-02,3.068272E-02,1.448180E-02,6.938363E-03,3.106998E-03,1.390713E-03,6.122060E-04,2.271401E-04,6.692653E-05,1.900043E-05,4.455842E-06,7.036860E-07
-9.01787,38.80000,0.00000,9.190544E-01,9.117426E-01,8.975852E-01,8.728412E-01,8.334182E-01,7.762755E-01,7.012571E-01,6.116399E-01,4.944043E-01,3.700517E-01,2.566825E-01,1.629050E-01,1.037753E-01,5.944547E-02,2.957104E-02,1.420682E-02,6.791547E-03,3.276489E-03,1.598121E-03,6.860032E-04,2.317440E-04,6.975160E-05,2.209987E-05,4.305829E-06,6.684900E-07
-9.01787,38.90000,0.00000,9.068638E-01,8.991655E-01,8.843082E-01,8.585462E-01,8.179598E-01,7.598612E-01,6.844645E-01,5.952442E-01,4.785010E-01,3.557555E-01,2.452540E-01,1.549089E-01,9.903121E-02,5.595133E-02,2.806474E-02,1.370708E-02,6.747907E-03,3.414411E-03,1.712992E-03,6.676413E-04,2.250819E-04,8.489029E-05,2.159063E-05,4.196864E-06,6.477188E-07
-9.01787,39.00000,0.00000,9.034483E-01,8.955137E-01,8.802507E-01,8.538839E-01,8.125186E-01,7.535550E-01,6.773382E-01,5.742817E-01,4.519010E-01,3.339651E-01,2.293393E-01,1.492779E-01,9.444790E-02,5.233703E-02,2.658862E-02,1.321357E-02,6.641243E-03,3.432011E-03,1.645240E-03,6.328507E-04,2.478104E-04,8.301118E-05,1.970016E-05,3.815388E-06,5.875293E-07
-9.01787,39.10000,0.00000,8.991413E-01,8.909734E-01,8.753130E-01,8.483610E-01,8.062447E-01,7.464263E-01,6.693231E-01,5.598761E-01,4.379227E-01,3.217381E-01,2.197988E-01,1.427348E-01,9.058426E-02,4.956133E-02,2.531428E-02,1.264884E-02,6.354408E-03,3.224305E-03,1.493771E-03,5.788259E-04,2.300624E-04,7.756331E-05,1.850985E-05,3.619222E-06,5.651789E-07
-9.01787,39.20000,0.00000,8.959141E-01,8.874778E-01,8.713496E-01,8.436671E-01,8.005195E-01,7.393731E-01,6.600798E-01,5.436100E-01,4.231148E-01,3.094380E-01,2.105523E-01,1.355876E-01,8.537544E-02,4.666814E-02,2.400952E-02,1.202310E-02,5.972249E-03,2.935154E-03,1.399725E-03,5.474271E-04,1.912845E-04,7.684104E-05,1.861988E-05,3.699309E-06,5.882541E-07
-9.01787,39.30000,0.00000,8.903256E-01,8.816019E-01,8.649656E-01,8.364941E-01,7.922508E-01,7.297289E-01,6.424183E-01,5.260471E-01,4.072771E-01,2.964629E-01,2.009319E-01,1.276464E-01,7.873800E-02,4.399711E-02,2.270770E-02,1.137751E-02,5.628233E-03,2.750029E-03,1.298898E-03,5.125836E-04,1.815973E-04,7.398773E-05,1.895981E-05,3.834232E-06,6.190336E-07
-9.01787,39.40000,0.00000,8.807412E-01,8.717632E-01,8.546574E-01,8.254567E-01,7.802348E-01,7.112316E-01,6.093763E-01,4.958139E-01,3.820251E-01,2.772459E-01,1.876981E-01,1.189237E-01,7.319856E-02,4.166615E-02,2.160313E-02,1.085103E-02,5.363292E-03,2.511109E-03,1.045378E-03,4.003126E-04,1.370376E-04,4.980853E-05,1.473583E-05,3.007381E-06,4.898707E-07
-9.01787,39.50000,0.00000,8.770564E-01,8.678174E-01,8.502406E-01,8.202693E-01,7.738973E-01,7.002064E-01,5.975261E-01,4.841500E-01,3.714750E-01,2.684533E-01,1.809939E-01,1.127385E-01,6.676594E-02,3.708192E-02,1.934387E-02,9.326512E-03,4.237293E-03,1.767917E-03,7.188779E-04,2.899896E-04,8.857327E-05,2.212536E-05,4.674235E-06,8.170773E-07,1.152070E-07
-9.01787,39.60000,0.00000,8.734176E-01,8.639018E-01,8.458244E-01,8.150288E-01,7.604433E-01,6.761526E-01,5.728560E-01,4.606639E-01,3.507385E-01,2.515070E-01,1.682821E-01,1.040717E-01,6.067867E-02,3.286932E-02,1.665566E-02,7.828670E-03,3.421949E-03,1.429404E-03,5.928326E-04,2.068270E-04,5.836834E-05,1.464377E-05,3.190560E-06,5.839041E-07,8.649076E-08
-9.01787,39.70000,0.00000,8.677170E-01,8.545057E-01,8.296884E-01,7.879366E-01,7.247940E-01,6.396031E-01,5.377950E-01,4.295164E-01,3.251688E-01,2.321412E-01,1.548055E-01,9.541287E-02,5.569744E-02,3.001728E-02,1.501043E-02,7.019603E-03,2.962635E-03,1.259509E-03,5.238731E-04,1.764941E-04,5.114717E-05,1.327050E-05,2.980780E-06,5.573523E-07,8.363999E-08
-9.01787,39.80000,0.00000,8.501585E-01,8.360964E-01,8.099232E-01,7.664496E-01,7.017139E-01,6.158140E-01,5.147850E-01,4.088479E-01,3.080060E-01,2.190541E-01,1.457504E-01,8.973629E-02,5.166246E-02,2.787227E-02,1.376635E-02,6.220062E-03,2.747250E-03,1.190289E-03,4.931562E-04,1.608129E-04,4.809464E-05,1.283303E-05,2.942879E-06,5.584296E-07,8.480382E-08
-9.01787,39.90000,0.00000,8.341691E-01,8.194358E-01,7.922305E-01,7.475133E-01,6.817567E-01,5.956456E-01,4.956084E-01,3.918255E-01,2.939116E-01,2.081964E-01,1.379841E-01,8.466513E-02,4.785859E-02,2.523278E-02,1.231001E-02,5.719597E-03,2.568508E-03,1.116585E-03,4.498459E-04,1.507847E-04,4.637163E-05,1.266259E-05,2.956862E-06,5.700560E-07,8.797167E-08
-9.01787,40.00000,0.00000,7.803987E-01,7.651005E-01,7.370890E-01,6.918318E-01,6.267987E-01,5.436926E-01,4.492597E-01,3.530659E-01,2.636389E-01,1.862236E-01,1.236805E-01,7.762423E-02,4.449190E-02,2.367135E-02,1.153970E-02,5.126295E-03,2.255114E-03,9.649189E-04,3.990209E-04,1.470376E-04,4.589925E-05,1.268725E-05,2.995670E-06,5.844481E-07,9.145965E-08
-9.01787,40.10000,0.00000,7.806406E-01,7.648270E-01,7.360433E-01,6.897777E-01,6.236281E-01,5.395408E-01,4.445229E-01,3.482557E-01,2.591798E-01,1.823938E-01,1.202359E-01,7.407946E-02,4.269575E-02,2.250871E-02,1.085116E-02,4.814393E-03,2.107735E-03,8.974354E-04,3.704454E-04,1.443920E-04,4.556783E-05,1.269614E-05,3.017599E-06,5.926163E-07,9.343345E-08
-9.01787,40.20000,0.00000,7.402122E-01,7.241902E-01,6.951671E-01,6.489683E-01,5.837905E-01,5.021488E-01,4.111868E-01,3.201974E-01,2.369797E-01,1.660069E-01,1.098496E-01,6.839827E-02,3.895979E-02,2.057623E-02,9.848868E-03,4.346963E-03,1.905398E-03,8.207446E-04,3.455765E-04,1.390939E-04,4.457916E-05,1.254229E-05,2.995468E-06,5.890773E-07,9.281064E-08
-9.01787,40.30000,0.00000,7.125720E-01,6.964806E-01,6.674299E-01,6.214674E-01,5.571567E-01,4.773422E-01,3.892282E-01,3.018429E-01,2.229112E-01,1.571374E-01,1.040601E-01,6.405460E-02,3.654122E-02,1.919837E-02,9.106571E-03,4.061571E-03,1.808327E-03,7.859733E-04,3.342996E-04,1.346051E-04,4.359940E-05,1.232875E-05,2.942714E-06,5.756056E-07,8.985309E-08
-9.01787,40.40000,0.00000,6.619604E-01,6.468806E-01,6.195349E-01,5.763229E-01,5.161994E-01,4.421592E-01,3.610699E-01,2.812355E-01,2.092322E-01,1.484565E-01,9.864155E-02,6.065321E-02,3.412160E-02,1.787504E-02,8.701727E-03,3.817413E-03,1.704740E-03,7.436398E-04,3.181460E-04,1.320870E-04,4.312704E-05,1.217021E-05,2.886755E-06,5.588241E-07,8.597199E-08
-9.01787,40.50000,0.00000,6.579286E-01,6.438478E-01,6.164206E-01,5.721816E-01,5.109553E-01,4.359671E-01,3.543039E-01,2.743673E-01,2.026950E-01,1.426015E-01,9.406786E-02,5.763202E-02,3.223178E-02,1.697164E-02,8.253621E-03,3.632929E-03,1.553381E-03,6.625619E-04,2.758703E-04,1.109129E-04,4.251003E-05,1.202914E-05,2.840085E-06,5.452412E-07,8.287548E-08
-9.01787,40.60000,0.00000,6.232454E-01,6.081809E-01,5.809547E-01,5.381926E-01,4.792167E-01,4.073707E-01,3.296210E-01,2.540322E-01,1.867626E-01,1.308147E-01,8.681107E-02,5.420142E-02,3.055742E-02,1.544991E-02,7.500154E-03,3.402454E-03,1.420917E-03,5.958814E-04,2.497504E-04,1.017889E-04,3.965664E-05,1.190929E-05,2.816134E-06,5.401222E-07,8.185248E-08
-9.01787,40.70000,0.00000,6.200501E-01,6.046177E-01,5.768718E-01,5.335085E-01,4.739964E-01,4.018622E-01,3.242016E-01,2.490800E-01,1.825412E-01,1.274408E-01,8.428209E-02,5.221402E-02,2.911628E-02,1.477179E-02,7.187501E-03,3.265677E-03,1.373279E-03,5.709556E-04,2.417308E-04,9.962040E-05,3.918059E-05,1.193364E-05,2.834427E-06,5.464286E-07,8.335122E-08
-9.01787,41.20000,0.00000,5.226073E-01,5.089864E-01,4.842913E-01,4.457140E-01,3.932127E-01,3.304668E-01,2.640561E-01,2.009635E-01,1.460570E-01,1.013092E-01,6.668942E-02,4.132142E-02,2.394699E-02,1.239377E-02,5.748050E-03,2.521510E-03,1.104472E-03,4.725565E-04,1.899525E-04,7.689243E-05,3.035752E-05,1.107667E-05,2.859902E-06,5.669880E-07,8.910391E-08
-9.01787,41.30000,0.00000,4.993488E-01,4.864007E-01,4.628017E-01,4.258285E-01,3.754701E-01,3.153269E-01,2.517680E-01,1.914933E-01,1.391326E-01,9.652057E-02,6.357320E-02,3.941416E-02,2.283513E-02,1.188522E-02,5.588254E-03,2.436127E-03,1.029334E-03,4.326839E-04,1.772020E-04,6.852040E-05,2.641374E-05,9.452749E-06,2.709398E-06,5.316417E-07,8.253148E-08
-9.01787,41.40000,0.00000,4.993731E-01,4.859485E-01,4.616899E-01,4.239782E-01,3.729813E-01,3.124774E-01,2.489141E-01,1.889287E-01,1.370042E-01,9.484416E-02,6.229924E-02,3.847811E-02,2.217398E-02,1.163092E-02,5.475817E-03,2.384820E-03,1.002226E-03,4.098458E-04,1.670295E-04,6.533528E-05,2.537382E-05,9.162562E-06,2.729542E-06,5.445427E-07,8.631648E-08
-9.01787,41.50000,0.00000,4.887829E-01,4.753758E-01,4.512277E-01,4.138291E-01,3.634702E-01,3.039899E-01,2.417711E-01,1.832714E-01,1.327768E-01,9.185634E-02,6.030188E-02,3.721340E-02,2.140853E-02,1.137335E-02,5.386885E-03,2.354268E-03,9.911990E-04,4.048239E-04,1.602123E-04,6.322407E-05,2.462487E-05,8.928705E-06,2.618237E-06,5.186134E-07,8.167235E-08
-9.01787,41.60000,0.00000,4.758503E-01,4.625765E-01,4.387256E-01,4.019018E-01,3.524989E-01,2.943790E-01,2.338115E-01,1.770470E-01,1.281711E-01,8.863029E-02,5.816944E-02,3.588520E-02,2.062287E-02,1.097629E-02,5.206548E-03,2.367452E-03,1.005244E-03,4.138139E-04,1.629066E-04,6.262954E-05,2.417970E-05,8.815491E-06,2.724576E-06,5.401162E-07,8.533029E-08
-9.01787,41.70000,0.00000,4.557365E-01,4.430079E-01,4.200880E-01,3.846814E-01,3.372177E-01,2.814671E-01,2.234718E-01,1.692012E-01,1.225252E-01,8.478750E-02,5.571049E-02,3.441017E-02,1.978533E-02,1.051709E-02,5.113111E-03,2.293365E-03,9.842628E-04,3.982730E-04,1.585515E-04,6.197848E-05,2.382274E-05,8.736780E-06,2.884080E-06,5.759820E-07,9.216391E-08
-9.01787,41.80000,0.00000,4.533224E-01,4.402376E-01,4.168650E-01,3.810328E-01,3.333382E-01,2.776792E-01,2.200964E-01,1.664341E-01,1.203991E-01,8.322328E-02,5.459255E-02,3.363024E-02,1.925569E-02,1.017125E-02,4.939258E-03,2.211503E-03,9.360310E-04,3.825513E-04,1.510918E-04,5.812844E-05,2.208472E-05,8.014780E-06,2.627881E-06,6.018359E-07,9.821819E-08
-9.01787,41.90000,0.00000,4.406707E-01,4.276984E-01,4.046076E-01,3.693517E-01,3.226357E-01,2.683677E-01,2.124545E-01,1.605154E-01,1.160550E-01,8.019615E-02,5.259684E-02,3.239016E-02,1.852763E-02,9.764408E-03,4.723792E-03,2.106146E-03,8.917302E-04,3.647673E-04,1.457561E-04,5.630464E-05,2.165276E-05,7.888325E-06,2.599092E-06,6.199663E-07,1.025905E-07
-9.01787,42.00000,0.00000,4.322444E-01,4.192324E-01,3.961905E-01,3.611945E-01,3.150667E-01,2.617457E-01,2.070326E-01,1.563518E-01,1.130293E-01,7.809618E-02,5.119866E-02,3.149651E-02,1.797935E-02,9.443661E-03,4.549277E-03,2.021495E-03,8.580764E-04,3.525183E-04,1.420994E-04,5.558279E-05,2.154488E-05,7.875744E-06,2.598650E-06,6.224733E-07,1.031884E-07
-9.01787,42.10000,0.00000,4.048902E-01,3.928576E-01,3.714340E-01,3.387854E-01,2.956797E-01,2.458155E-01,1.946270E-01,1.471823E-01,1.065924E-01,7.382680E-02,4.855249E-02,2.997834E-02,1.717176E-02,9.040329E-03,4.359176E-03,1.938840E-03,8.274050E-04,3.419089E-04,1.390265E-04,5.558345E-05,2.144761E-05,7.862365E-06,2.597649E-06,6.088896E-07,9.980892E-08
-9.01787,42.20000,0.00000,4.019180E-01,3.895734E-01,3.677746E-01,3.348142E-01,2.916200E-01,2.419897E-01,1.913255E-01,1.445524E-01,1.046230E-01,7.241275E-02,4.756716E-02,2.931188E-02,1.673884E-02,8.776076E-03,4.212451E-03,1.867108E-03,7.977314E-04,3.301247E-04,1.346284E-04,5.413358E-05,2.083403E-05,7.617700E-06,2.509884E-06,5.866918E-07,9.431420E-08
-8.91787,36.90000,0.00000,9.063128E-01,8.852286E-01,8.523294E-01,8.042374E-01,7.389007E-01,6.570207E-01,5.625262E-01,4.617499E-01,3.620048E-01,2.702178E-01,1.917358E-01,1.293394E-01,8.300866E-02,5.064347E-02,2.925494E-02,1.589339E-02,8.058907E-03,3.787820E-03,1.639653E-03,6.481903E-04,2.307784E-04,7.242092E-05,1.948291E-05,4.362321E-06,7.908250E-07
-8.91787,37.00000,0.00000,9.307597E-01,9.253283E-01,9.142604E-01,8.937954E-01,8.589468E-01,8.044729E-01,7.274424E-01,6.301595E-01,5.203214E-01,4.078811E-01,3.017976E-01,2.091197E-01,1.347863E-01,8.066048E-02,4.494613E-02,2.338224E-02,1.131519E-02,5.034610E-03,2.027210E-03,7.274106E-04,2.295069E-04,6.280899E-05,1.465800E-05,2.855682E-06,4.529388E-07
-8.91787,37.10000,0.00000,9.312671E-01,9.258689E-01,9.148587E-01,8.944730E-01,8.596976E-01,8.052125E-01,7.279797E-01,6.302528E-01,5.198395E-01,4.068995E-01,3.005479E-01,2.078461E-01,1.336584E-01,7.976111E-02,4.429609E-02,2.296093E-02,1.107390E-02,4.914700E-03,1.976597E-03,7.097594E-04,2.245893E-04,6.176357E-05,1.450540E-05,2.846492E-06,4.551679E-07
-8.91787,37.20000,0.00000,9.330876E-01,9.277180E-01,9.167733E-01,8.964919E-01,8.618240E-01,8.073525E-01,7.299061E-01,6.316589E-01,5.204976E-01,4.067628E-01,2.997484E-01,2.066262E-01,1.322917E-01,7.848787E-02,4.327065E-02,2.223375E-02,1.061603E-02,4.659354E-03,1.852375E-03,6.582496E-04,2.068068E-04,5.674687E-05,1.336183E-05,2.636890E-06,4.243363E-07
-8.91787,37.30000,0.00000,9.331837E-01,9.278079E-01,9.168494E-01,8.965358E-01,8.617878E-01,8.071356E-01,7.293468E-01,6.305922E-01,5.188640E-01,4.046665E-01,2.974031E-01,2.042641E-01,1.301107E-01,7.663688E-02,4.183567E-02,2.122495E-02,9.975850E-03,4.293934E-03,1.666050E-03,5.743995E-04,1.740505E-04,4.585399E-05,1.034348E-05,1.954834E-06,3.012219E-07
-8.91787,37.40000,0.00000,9.337962E-01,9.284052E-01,9.174281E-01,8.970885E-01,8.622922E-01,8.075309E-01,7.295166E-01,6.303821E-01,5.181569E-01,4.034613E-01,2.958385E-01,2.025539E-01,1.284708E-01,7.522748E-02,4.074549E-02,2.047298E-02,9.521405E-03,4.058102E-03,1.562801E-03,5.367276E-04,1.626182E-04,4.292780E-05,9.692358E-06,1.825463E-06,2.784902E-07
-8.91787,37.50000,0.00000,9.348208E-01,9.294012E-01,9.183891E-01,8.980091E-01,8.631575E-01,8.082990E-01,7.301028E-01,6.306498E-01,5.179741E-01,4.027849E-01,2.947643E-01,2.012825E-01,1.272128E-01,7.413644E-02,3.990413E-02,1.990430E-02,8.744487E-03,3.629540E-03,1.428939E-03,5.280186E-04,1.645763E-04,4.515312E-05,1.065501E-05,2.099374E-06,3.346648E-07
-8.91787,37.60000,0.00000,9.358777E-01,9.304309E-01,9.193914E-01,8.989943E-01,8.641449E-01,8.093112E-01,7.311366E-01,6.316294E-01,5.187417E-01,4.031753E-01,2.947039E-01,2.008268E-01,1.265068E-01,7.334568E-02,3.917291E-02,1.839346E-02,7.970683E-03,3.267984E-03,1.272238E-03,4.727051E-04,1.484079E-04,4.019558E-05,9.400987E-06,1.846817E-06,2.956516E-07
-8.91787,37.70000,0.00000,9.351014E-01,9.295741E-01,9.183974E-01,8.978022E-01,8.627270E-01,8.077237E-01,7.295394E-01,6.302054E-01,5.175669E-01,4.021953E-01,2.938372E-01,2.000436E-01,1.258164E-01,7.275405E-02,3.758657E-02,1.727436E-02,7.475613E-03,3.072487E-03,1.204151E-03,4.422306E-04,1.328109E-04,3.527980E-05,8.142431E-06,1.591400E-06,2.556620E-07
-8.91787,37.80000,0.00000,9.353386E-01,9.297341E-01,9.184390E-01,8.976943E-01,8.624883E-01,8.074843E-01,7.295574E-01,6.307281E-01,5.186114E-01,4.034950E-01,2.950368E-01,2.009291E-01,1.263546E-01,7.245371E-02,3.573151E-02,1.638406E-02,7.098008E-03,2.930051E-03,1.156487E-03,4.197820E-04,1.249379E-04,3.314552E-05,7.708230E-06,1.529836E-06,2.510085E-07
-8.91787,37.90000,0.00000,9.363841E-01,9.306924E-01,9.192680E-01,8.983587E-01,8.629984E-01,8.079704E-01,7.303140E-01,6.320881E-01,5.206661E-01,4.059524E-01,2.974176E-01,2.028713E-01,1.277469E-01,6.944135E-02,3.408787E-02,1.558824E-02,6.745648E-03,2.781880E-03,1.095300E-03,4.132017E-04,1.251686E-04,3.317251E-05,7.707687E-06,1.527303E-06,2.499705E-07
-8.91787,38.00000,0.00000,9.355874E-01,9.297860E-01,9.181821E-01,8.970339E-01,8.614568E-01,8.064293E-01,7.292392E-01,6.320295E-01,5.219062E-01,4.082897E-01,3.002996E-01,2.057175E-01,1.245881E-01,6.656834E-02,3.258964E-02,1.490101E-02,6.701312E-03,2.760183E-03,1.061187E-03,4.008529E-04,1.390446E-04,3.699006E-05,8.548339E-06,1.668298E-06,2.665277E-07
-8.91787,38.10000,0.00000,9.346869E-01,9.287611E-01,9.169539E-01,8.955355E-01,8.597165E-01,8.047040E-01,7.280815E-01,6.321172E-01,5.236515E-01,4.115876E-01,3.046020E-01,2.054517E-01,1.208137E-01,6.434261E-02,3.147327E-02,1.537010E-02,6.967268E-03,2.838372E-03,1.096500E-03,4.015624E-04,1.454515E-04,4.795663E-05,1.108547E-05,2.135146E-06,3.331420E-07
-8.91787,38.20000,0.00000,9.320011E-01,9.258819E-01,9.137359E-01,8.918278E-01,8.554745E-01,8.001735E-01,7.239153E-01,6.292045E-01,5.226833E-01,4.127242E-01,3.074861E-01,1.993588E-01,1.167071E-01,6.195959E-02,3.280013E-02,1.603585E-02,6.850868E-03,2.794498E-03,1.089407E-03,4.083177E-04,1.479320E-04,5.113371E-05,1.647958E-05,3.509040E-06,5.515089E-07
-8.91787,38.30000,0.00000,9.325742E-01,9.263213E-01,9.139642E-01,8.917720E-01,8.551373E-01,7.997663E-01,7.239546E-01,6.303542E-01,5.253533E-01,4.167826E-01,3.012187E-01,1.943462E-01,1.134740E-01,6.284207E-02,3.435278E-02,1.574915E-02,6.796082E-03,2.873619E-03,1.158039E-03,4.202223E-04,1.533699E-04,5.347326E-05,1.715998E-05,4.197127E-06,6.640390E-07
-8.91787,38.40000,0.00000,9.326329E-01,9.262232E-01,9.136147E-01,8.910746E-01,8.540699E-01,7.985208E-01,7.230231E-01,6.303694E-01,5.266986E-01,4.173609E-01,2.940730E-01,1.891479E-01,1.101965E-01,6.320622E-02,3.401106E-02,1.550948E-02,6.767202E-03,2.979920E-03,1.199458E-03,4.352592E-04,1.593214E-04,5.532250E-05,1.724445E-05,4.307277E-06,6.851751E-07
-8.91787,38.50000,0.00000,9.240072E-01,9.172776E-01,9.040871E-01,8.807045E-01,8.427962E-01,7.867266E-01,7.116122E-01,6.204565E-01,5.190857E-01,4.045807E-01,2.837908E-01,1.817376E-01,1.054772E-01,6.300918E-02,3.262876E-02,1.502158E-02,6.661374E-03,2.974773E-03,1.199966E-03,4.614916E-04,1.743241E-04,6.167861E-05,1.729422E-05,4.340930E-06,6.895261E-07
-8.91787,38.60000,0.00000,9.216771E-01,9.147447E-01,9.012138E-01,8.773555E-01,8.389429E-01,7.825878E-01,7.076986E-01,6.173643E-01,5.171556E-01,3.951184E-01,2.762244E-01,1.763291E-01,1.057248E-01,6.303532E-02,3.174513E-02,1.481197E-02,6.753956E-03,3.023267E-03,1.258612E-03,5.107926E-04,1.980227E-04,6.314315E-05,1.689353E-05,4.401002E-06,6.943458E-07
-8.91787,38.70000,0.00000,9.191820E-01,9.120254E-01,8.981131E-01,8.737075E-01,8.346652E-01,7.778124E-01,7.028246E-01,6.129008E-01,5.078918E-01,3.817803E-01,2.658615E-01,1.692869E-01,1.033512E-01,6.178426E-02,3.070046E-02,1.456313E-02,6.786319E-03,3.112811E-03,1.384808E-03,5.866255E-04,2.217906E-04,6.534723E-05,1.669713E-05,4.291349E-06,6.665244E-07
-8.91787,38.80000,0.00000,9.178630E-01,9.104761E-01,8.961793E-01,8.712105E-01,8.314685E-01,7.739288E-01,6.984731E-01,6.084366E-01,4.929320E-01,3.681981E-01,2.548648E-01,1.614719E-01,1.020931E-01,5.871886E-02,2.926178E-02,1.412382E-02,6.809174E-03,3.309898E-03,1.598949E-03,6.727513E-04,2.276171E-04,6.471440E-05,1.934586E-05,4.172591E-06,6.390604E-07
-8.91787,38.90000,0.00000,9.092680E-01,9.015460E-01,8.866525E-01,8.608108E-01,8.200451E-01,7.616048E-01,6.856804E-01,5.957963E-01,4.733520E-01,3.513201E-01,2.419256E-01,1.527984E-01,9.802677E-02,5.520677E-02,2.783277E-02,1.371602E-02,6.857853E-03,3.554286E-03,1.737479E-03,6.699731E-04,2.219742E-04,8.319519E-05,2.116906E-05,4.082027E-06,6.224598E-07
-8.91787,39.00000,0.00000,9.008667E-01,8.928726E-01,8.774951E-01,8.509508E-01,8.093675E-01,7.501999E-01,6.738542E-01,5.802444E-01,4.567848E-01,3.375358E-01,2.316869E-01,1.478400E-01,9.468378E-02,5.268187E-02,2.681727E-02,1.339967E-02,6.828864E-03,3.639238E-03,1.647521E-03,6.276750E-04,2.493881E-04,8.204661E-05,1.936710E-05,3.718253E-06,5.654372E-07
-8.91787,39.10000,0.00000,8.953482E-01,8.870999E-01,8.712806E-01,8.440796E-01,8.016586E-01,7.415649E-01,6.643317E-01,5.605108E-01,4.384397E-01,3.221026E-01,2.200491E-01,1.417202E-01,8.906712E-02,4.968504E-02,2.546552E-02,1.281320E-02,6.539572E-03,3.429473E-03,1.534607E-03,5.848448E-04,2.125002E-04,7.674719E-05,1.819588E-05,3.521104E-06,5.417979E-07
-8.91787,39.20000,0.00000,8.990071E-01,8.905656E-01,8.744290E-01,8.467076E-01,8.034341E-01,7.420329E-01,6.630356E-01,5.532703E-01,4.312156E-01,3.155301E-01,2.146152E-01,1.369659E-01,8.539680E-02,4.677628E-02,2.416825E-02,1.219768E-02,6.146768E-03,3.085867E-03,1.411402E-03,5.464547E-04,1.866852E-04,6.149447E-05,1.827508E-05,3.588119E-06,5.612416E-07
-8.91787,39.30000,0.00000,8.907652E-01,8.820014E-01,8.652861E-01,8.366743E-01,7.922100E-01,7.294074E-01,6.431795E-01,5.268180E-01,4.079331E-01,2.969196E-01,2.011800E-01,1.275443E-01,7.864290E-02,4.404809E-02,2.279815E-02,1.150845E-02,5.767849E-03,2.849353E-03,1.291292E-03,5.096527E-04,1.734410E-04,5.708624E-05,1.835705E-05,3.695795E-06,5.878265E-07
-8.91787,39.40000,0.00000,8.839583E-01,8.749259E-01,8.577298E-01,8.283698E-01,7.828755E-01,7.088004E-01,6.070812E-01,4.937901E-01,3.803617E-01,2.759879E-01,1.868456E-01,1.189974E-01,7.313513E-02,4.163568E-02,2.167199E-02,1.096986E-02,5.477570E-03,2.520039E-03,1.033093E-03,3.941349E-04,1.319084E-04,4.520034E-05,1.407652E-05,2.862673E-06,4.608767E-07
-8.91787,39.50000,0.00000,8.760819E-01,8.668161E-01,8.491823E-01,8.191163E-01,7.726255E-01,6.928596E-01,5.899900E-01,4.768656E-01,3.648662E-01,2.628507E-01,1.765801E-01,1.095932E-01,6.586624E-02,3.702088E-02,1.915235E-02,9.325025E-03,4.152395E-03,1.765924E-03,6.991008E-04,2.853200E-04,8.724145E-05,2.167330E-05,4.557270E-06,7.924581E-07,1.108586E-07
-8.91787,39.60000,0.00000,8.736958E-01,8.641467E-01,8.460050E-01,8.151035E-01,7.609847E-01,6.768442E-01,5.736639E-01,4.615070E-01,3.515157E-01,2.521404E-01,1.687436E-01,1.043612E-01,6.070187E-02,3.288730E-02,1.674126E-02,7.893070E-03,3.441022E-03,1.451079E-03,6.036416E-04,2.086729E-04,5.870213E-05,1.465486E-05,3.172547E-06,5.759545E-07,8.444245E-08
-8.91787,39.70000,0.00000,8.641710E-01,8.509025E-01,8.259898E-01,7.841385E-01,7.209752E-01,6.359342E-01,5.344836E-01,4.267268E-01,3.229931E-01,2.306084E-01,1.538745E-01,9.513038E-02,5.554719E-02,3.008211E-02,1.504289E-02,7.092899E-03,2.985409E-03,1.278410E-03,5.338716E-04,1.789881E-04,5.170841E-05,1.334386E-05,2.976834E-06,5.522780E-07,8.213079E-08
-8.91787,39.80000,0.00000,8.496559E-01,8.356086E-01,8.094586E-01,7.660202E-01,7.013391E-01,6.155079E-01,5.145387E-01,4.086325E-01,3.077898E-01,2.188282E-01,1.455115E-01,8.953229E-02,5.178922E-02,2.786837E-02,1.379135E-02,6.237214E-03,2.754862E-03,1.199310E-03,4.982104E-04,1.624758E-04,4.847754E-05,1.287907E-05,2.936797E-06,5.535875E-07,8.340692E-08
-8.91787,39.90000,0.00000,8.347248E-01,8.200318E-01,7.928930E-01,7.482694E-01,6.826205E-01,5.965933E-01,4.965726E-01,3.927142E-01,2.946467E-01,2.087445E-01,1.383298E-01,8.487674E-02,4.798482E-02,2.523954E-02,1.231920E-02,5.759691E-03,2.595446E-03,1.132331E-03,4.511638E-04,1.512254E-04,4.644660E-05,1.265015E-05,2.942684E-06,5.644450E-07,8.652770E-08
-8.91787,40.00000,0.00000,7.904698E-01,7.751463E-01,7.470884E-01,7.016888E-01,6.362824E-01,5.524522E-01,4.569320E-01,3.593866E-01,2.684863E-01,1.896512E-01,1.255033E-01,7.738780E-02,4.479216E-02,2.372940E-02,1.149013E-02,5.148283E-03,2.289632E-03,9.826055E-04,4.073127E-04,1.469002E-04,4.582286E-05,1.264666E-05,2.978437E-06,5.788668E-07,9.010101E-08
-8.91787,40.10000,0.00000,7.650434E-01,7.492468E-01,7.204998E-01,6.744090E-01,6.087748E-01,5.257201E-01,4.322658E-01,3.379415E-01,2.509884E-01,1.763265E-01,1.165568E-01,7.275021E-02,4.148269E-02,2.193412E-02,1.052268E-02,4.639625E-03,2.037724E-03,8.754893E-04,3.662402E-04,1.413984E-04,4.490569E-05,1.256891E-05,2.993069E-06,5.874509E-07,9.237585E-08
-8.91787,40.20000,0.00000,7.367077E-01,7.206779E-01,6.916480E-01,6.454695E-01,5.803871E-01,4.989601E-01,4.083422E-01,3.177998E-01,2.350935E-01,1.649003E-01,1.101544E-01,6.798393E-02,3.881589E-02,2.055274E-02,9.828078E-03,4.335715E-03,1.928297E-03,8.353372E-04,3.532429E-04,1.387431E-04,4.447207E-05,1.251161E-05,2.986725E-06,5.867306E-07,9.227999E-08
-8.91787,40.30000,0.00000,7.093449E-01,6.933345E-01,6.644213E-01,6.186818E-01,5.547016E-01,4.753202E-01,3.876841E-01,3.013634E-01,2.235358E-01,1.573124E-01,1.041870E-01,6.410021E-02,3.656946E-02,1.917699E-02,9.090061E-03,4.106146E-03,1.838526E-03,8.034921E-04,3.431182E-04,1.344438E-04,4.355188E-05,1.231807E-05,2.940902E-06,5.753651E-07,8.982603E-08
-8.91787,40.40000,0.00000,6.709940E-01,6.556526E-01,6.279009E-01,5.841108E-01,5.232143E-01,4.482221E-01,3.660631E-01,2.851237E-01,2.120643E-01,1.503106E-01,9.893442E-02,6.060649E-02,3.447994E-02,1.808003E-02,8.679195E-03,3.842487E-03,1.730137E-03,7.604927E-04,3.264926E-04,1.328114E-04,4.311982E-05,1.217436E-05,2.890271E-06,5.601989E-07,8.632204E-08
-8.91787,40.50000,0.00000,6.499333E-01,6.345602E-01,6.068010E-01,5.631427E-01,5.027180E-01,4.287352E-01,3.481937E-01,2.693838E-01,1.987712E-01,1.396472E-01,9.287024E-02,5.802171E-02,3.267426E-02,1.665639E-02,8.149947E-03,3.662413E-03,1.528873E-03,6.595334E-04,2.774438E-04,1.125451E-04,4.279904E-05,1.206328E-05,2.850195E-06,5.480829E-07,8.351672E-08
-8.91787,40.60000,0.00000,6.398051E-01,6.241623E-01,5.960388E-01,5.520207E-01,4.914310E-01,4.176953E-01,3.379431E-01,2.604167E-01,1.913996E-01,1.339639E-01,8.878131E-02,5.511279E-02,3.085036E-02,1.571225E-02,7.600295E-03,3.432957E-03,1.434358E-03,6.089428E-04,2.559965E-04,1.044135E-04,4.063035E-05,1.197804E-05,2.833993E-06,5.446570E-07,8.282935E-08
-8.91787,40.70000,0.00000,6.178157E-01,6.024876E-01,5.749159E-01,5.318139E-01,4.726494E-01,4.009155E-01,3.236446E-01,2.488376E-01,1.825102E-01,1.275291E-01,8.442891E-02,5.258942E-02,2.931193E-02,1.490537E-02,7.244742E-03,3.298186E-03,1.389665E-03,5.827206E-04,2.474578E-04,1.020636E-04,4.010483E-05,1.202949E-05,2.859734E-06,5.530296E-07,8.480655E-08
-8.91787,40.80000,0.00000,5.593172E-01,5.459512E-01,5.214586E-01,4.827052E-01,4.291530E-01,3.640330E-01,2.938293E-01,2.259122E-01,1.658169E-01,1.161344E-01,7.723548E-02,4.844112E-02,2.821610E-02,1.435740E-02,6.891235E-03,3.175733E-03,1.357612E-03,5.563488E-04,2.378186E-04,9.920781E-05,3.937419E-05,1.214418E-05,2.911491E-06,5.696758E-07,8.875344E-08
-8.91787,40.90000,0.00000,5.587806E-01,5.449687E-01,5.198340E-01,4.803103E-01,4.260179E-01,3.603823E-01,2.900265E-01,2.223226E-01,1.626909E-01,1.135793E-01,7.525643E-02,4.698683E-02,2.734659E-02,1.390538E-02,6.534865E-03,2.983328E-03,1.325106E-03,5.459897E-04,2.158446E-04,8.747519E-05,3.402022E-05,1.224449E-05,2.963433E-06,5.872507E-07,9.301784E-08
-8.91787,41.00000,0.00000,5.464625E-01,5.327073E-01,5.077049E-01,4.684734E-01,4.147508E-01,3.500554E-01,2.810059E-01,2.148521E-01,1.568331E-01,1.092363E-01,7.222109E-02,4.499199E-02,2.622944E-02,1.333114E-02,6.232630E-03,2.870219E-03,1.259196E-03,5.342400E-04,2.124060E-04,8.288850E-05,3.241503E-05,1.180934E-05,2.992848E-06,5.980237E-07,9.572123E-08
-8.91787,41.10000,0.00000,5.319546E-01,5.183867E-01,4.937278E-01,4.550849E-01,4.022952E-01,3.389277E-01,2.715391E-01,2.072080E-01,1.509749E-01,1.049791E-01,6.929968E-02,4.310760E-02,2.513970E-02,1.299482E-02,6.070697E-03,2.728671E-03,1.199705E-03,5.169107E-04,2.084700E-04,8.074604E-05,3.147135E-05,1.139593E-05,2.995148E-06,5.984755E-07,9.577672E-08
-8.91787,41.20000,0.00000,5.224406E-01,5.088561E-01,4.842323E-01,4.457690E-01,3.934152E-01,3.308189E-01,2.645157E-01,2.014593E-01,1.465223E-01,1.017072E-01,6.701465E-02,4.158771E-02,2.417206E-02,1.256261E-02,5.906494E-03,2.608371E-03,1.138251E-03,4.889810E-04,1.988916E-04,7.737484E-05,3.042778E-05,1.108076E-05,2.862849E-06,5.673972E-07,9.002038E-08
-8.91787,41.30000,0.00000,5.022998E-01,4.892294E-01,4.654581E-01,4.282719E-01,3.776718E-01,3.172627E-01,2.534132E-01,1.928292E-01,1.401582E-01,9.726304E-02,6.408643E-02,3.976587E-02,2.308721E-02,1.211485E-02,5.739569E-03,2.524458E-03,1.071794E-03,4.440754E-04,1.805554E-04,6.822197E-05,2.617392E-05,9.357612E-06,2.594690E-06,5.016594E-07,7.749832E-08
-8.91787,41.40000,0.00000,5.000980E-01,4.866614E-01,4.623990E-01,4.247010E-01,3.737315E-01,3.132485E-01,2.496706E-01,1.896194E-01,1.375877E-01,9.530637E-02,6.265227E-02,3.874806E-02,2.238681E-02,1.181277E-02,5.626813E-03,2.483271E-03,1.057648E-03,4.368323E-04,1.722913E-04,6.674252E-05,2.505506E-05,9.047322E-06,2.854067E-06,5.681710E-07,9.045217E-08
-8.91787,41.50000,0.00000,4.907335E-01,4.772536E-01,4.530083E-01,4.154978E-01,3.650160E-01,3.053953E-01,2.430047E-01,1.842990E-01,1.335802E-01,9.244713E-02,6.071889E-02,3.750738E-02,2.162405E-02,1.158752E-02,5.533569E-03,2.463026E-03,1.050398E-03,4.340714E-04,1.712425E-04,6.497337E-05,2.474671E-05,8.988424E-06,2.839213E-06,5.616441E-07,8.860926E-08
-8.91787,41.60000,0.00000,4.822003E-01,4.686121E-01,4.442927E-01,4.068614E-01,3.567556E-01,2.978950E-01,2.366037E-01,1.791722E-01,1.297124E-01,8.968922E-02,5.885996E-02,3.632119E-02,2.090046E-02,1.115882E-02,5.310548E-03,2.451841E-03,1.050869E-03,4.343975E-04,1.707355E-04,6.376913E-05,2.456729E-05,8.959788E-06,2.874481E-06,5.709490E-07,9.070592E-08
-8.91787,41.70000,0.00000,4.568031E-01,4.440480E-01,4.211012E-01,3.856753E-01,3.381981E-01,2.824237E-01,2.243688E-01,1.699914E-01,1.231722E-01,8.528257E-02,5.607314E-02,3.467431E-02,1.998225E-02,1.066417E-02,5.220476E-03,2.348250E-03,1.015263E-03,4.112446E-04,1.633221E-04,6.359056E-05,2.432153E-05,8.910262E-06,2.934096E-06,5.932851E-07,9.597600E-08
-8.91787,41.80000,0.00000,4.541842E-01,4.410862E-01,4.177071E-01,3.818825E-01,3.342054E-01,2.785523E-01,2.209359E-01,1.671856E-01,1.210196E-01,8.369966E-02,5.494145E-02,3.388371E-02,1.944343E-02,1.030982E-02,5.034297E-03,2.268103E-03,9.627627E-04,3.946876E-04,1.542298E-04,5.985426E-05,2.264998E-05,8.204155E-06,2.679952E-06,6.187288E-07,1.022347E-07
-8.91787,41.90000,0.00000,4.461578E-01,4.329256E-01,4.094472E-01,3.736890E-01,3.263908E-01,2.715038E-01,2.149740E-01,1.624516E-01,1.174657E-01,8.116245E-02,5.321869E-02,3.277386E-02,1.876446E-02,9.914370E-03,4.817363E-03,2.159450E-03,9.169975E-04,3.763723E-04,1.505780E-04,5.805913E-05,2.226296E-05,8.085180E-06,2.652488E-06,6.357012E-07,1.064403E-07
-8.91787,42.00000,0.00000,4.370458E-01,4.237894E-01,4.003855E-01,3.649253E-01,3.182692E-01,2.643995E-01,2.091536E-01,1.579789E-01,1.142182E-01,7.891895E-02,5.174029E-02,3.184332E-02,1.820246E-02,9.588652E-03,4.640109E-03,2.072967E-03,8.827806E-04,3.639375E-04,1.469060E-04,5.733447E-05,2.217479E-05,8.077428E-06,2.652856E-06,6.353782E-07,1.063554E-07
-8.91787,42.10000,0.00000,4.057470E-01,3.937019E-01,3.722703E-01,3.396242E-01,2.965266E-01,2.466569E-01,1.954245E-01,1.478858E-01,1.071651E-01,7.426099E-02,4.886751E-02,3.020591E-02,1.733884E-02,9.161352E-03,4.440225E-03,1.986474E-03,8.510497E-04,3.530457E-04,1.437865E-04,5.671694E-05,2.208701E-05,8.066212E-06,2.652177E-06,6.178774E-07,1.019958E-07
-8.91787,42.20000,0.00000,4.023736E-01,3.900386E-01,3.682657E-01,3.353533E-01,2.922211E-01,2.426421E-01,1.919878E-01,1.451665E-01,1.051414E-01,7.281644E-02,4.786610E-02,2.953083E-02,1.690051E-02,8.892895E-03,4.290268E-03,1.912732E-03,8.206132E-04,3.409332E-04,1.392540E-04,5.571282E-05,2.145255E-05,7.813262E-06,2.561736E-06,5.917797E-07,9.553523E-08
-8.81787,36.90000,0.00000,9.058532E-01,8.845243E-01,8.512982E-01,8.028071E-01,7.370561E-01,6.548348E-01,5.601583E-01,4.593981E-01,3.598466E-01,2.683697E-01,1.902382E-01,1.281724E-01,8.211796E-02,4.997002E-02,2.875199E-02,1.552979E-02,7.811268E-03,3.632176E-03,1.550229E-03,6.013199E-04,2.085895E-04,6.320171E-05,1.625976E-05,3.451572E-06,5.888834E-07
-8.81787,37.00000,0.00000,9.303208E-01,9.248344E-01,9.136661E-01,8.930345E-01,8.579412E-01,8.031583E-01,7.258174E-01,6.283156E-01,5.184196E-01,4.060926E-01,3.002574E-01,2.079097E-01,1.339243E-01,8.009897E-02,4.460037E-02,2.317360E-02,1.119227E-02,4.968104E-03,1.996476E-03,7.157917E-04,2.258447E-04,6.173823E-05,1.433349E-05,2.759736E-06,4.292214E-07
-8.81787,37.10000,0.00000,9.301803E-01,9.247184E-01,9.135832E-01,8.929845E-01,8.578968E-01,8.030345E-01,7.254552E-01,6.275342E-01,5.171660E-01,4.044907E-01,2.985584E-01,2.063487E-01,1.326340E-01,7.911801E-02,4.391390E-02,2.273777E-02,1.094597E-02,4.845898E-03,1.943716E-03,6.961608E-04,2.196661E-04,6.014631E-05,1.401440E-05,2.713932E-06,4.254464E-07
-8.81787,37.20000,0.00000,9.308370E-01,9.253902E-01,9.142836E-01,8.937201E-01,8.586398E-01,8.036768E-01,7.257890E-01,6.273193E-01,5.162796E-01,4.030217E-01,2.967399E-01,2.044419E-01,1.308562E-01,7.762025E-02,4.277298E-02,2.195472E-02,1.046325E-02,4.580792E-03,1.816283E-03,6.438755E-04,2.018110E-04,5.517223E-05,1.289837E-05,2.513453E-06,3.966964E-07
-8.81787,37.30000,0.00000,9.331439E-01,9.277215E-01,9.166803E-01,8.962290E-01,8.612706E-01,8.063343E-01,7.282254E-01,6.291929E-01,5.173058E-01,4.030988E-01,2.959650E-01,2.030568E-01,1.291841E-01,7.598235E-02,4.140353E-02,2.095535E-02,9.818260E-03,4.210379E-03,1.627376E-03,5.591870E-04,1.689849E-04,4.439184E-05,9.964147E-06,1.865815E-06,2.831352E-07
-8.81787,37.40000,0.00000,9.340862E-01,9.286497E-01,9.175944E-01,8.971262E-01,8.621272E-01,8.070756E-01,7.287101E-01,6.292315E-01,5.167546E-01,4.019510E-01,2.943732E-01,2.012690E-01,1.274513E-01,7.449088E-02,4.025388E-02,2.016662E-02,9.344980E-03,3.966810E-03,1.521769E-03,5.211026E-04,1.575944E-04,4.153496E-05,9.347313E-06,1.748277E-06,2.634934E-07
-8.81787,37.50000,0.00000,9.332626E-01,9.277710E-01,9.166136E-01,8.959814E-01,8.607522E-01,8.054133E-01,7.267256E-01,6.269144E-01,5.141482E-01,3.991918E-01,2.916855E-01,1.988795E-01,1.254987E-01,7.300657E-02,3.920500E-02,1.949535E-02,8.941120E-03,3.754986E-03,1.465361E-03,5.104659E-04,1.590967E-04,4.368572E-05,1.030941E-05,2.026948E-06,3.215067E-07
-8.81787,37.60000,0.00000,9.336263E-01,9.280906E-01,9.168693E-01,8.961557E-01,8.608368E-01,8.054134E-01,7.266430E-01,6.267100E-01,5.137298E-01,3.984832E-01,2.906987E-01,1.977190E-01,1.243081E-01,7.190951E-02,3.829285E-02,1.860984E-02,8.125571E-03,3.373413E-03,1.338867E-03,4.622517E-04,1.419935E-04,3.856609E-05,9.053477E-06,1.783579E-06,2.857683E-07
-8.81787,37.70000,0.00000,9.351774E-01,9.296044E-01,9.183458E-01,8.976112E-01,8.623071E-01,8.069597E-01,7.283234E-01,6.284920E-01,5.154198E-01,3.997861E-01,2.914014E-01,1.978196E-01,1.239784E-01,7.137349E-02,3.773210E-02,1.751312E-02,7.638681E-03,3.180604E-03,1.238819E-03,4.129073E-04,1.233675E-04,3.275296E-05,7.583741E-06,1.489137E-06,2.401235E-07
-8.81787,37.80000,0.00000,9.354420E-01,9.297925E-01,9.184163E-01,8.975308E-01,8.620893E-01,8.067203E-01,7.282923E-01,6.288856E-01,5.162283E-01,4.007433E-01,2.921869E-01,1.982737E-01,1.241245E-01,7.131074E-02,3.605801E-02,1.661539E-02,7.258599E-03,3.037431E-03,1.171998E-03,3.840245E-04,1.134488E-04,3.008180E-05,7.033769E-06,1.406808E-06,2.322926E-07
-8.81787,37.90000,0.00000,9.349411E-01,9.291869E-01,9.176384E-01,8.965163E-01,8.608319E-01,8.053607E-01,7.271649E-01,6.283766E-01,5.165032E-01,4.016091E-01,2.932560E-01,1.992260E-01,1.248231E-01,6.965445E-02,3.426289E-02,1.572554E-02,6.848809E-03,2.855063E-03,1.142782E-03,3.807004E-04,1.122482E-04,2.976318E-05,6.964080E-06,1.392782E-06,2.296462E-07
-8.81787,38.00000,0.00000,9.333285E-01,9.274306E-01,9.156348E-01,8.941589E-01,8.580915E-01,8.024181E-01,7.244868E-01,6.265732E-01,5.159765E-01,4.023201E-01,2.948079E-01,2.011188E-01,1.249404E-01,6.677628E-02,3.273511E-02,1.501628E-02,6.553676E-03,2.741531E-03,1.101426E-03,4.132592E-04,1.217456E-04,3.188635E-05,7.294069E-06,1.417299E-06,2.263803E-07
-8.81787,38.10000,0.00000,9.348119E-01,9.288275E-01,9.169139E-01,8.953083E-01,8.591693E-01,8.036406E-01,7.262700E-01,6.293754E-01,5.199757E-01,4.072465E-01,3.000969E-01,2.055642E-01,1.209117E-01,6.445144E-02,3.158922E-02,1.523608E-02,6.810953E-03,2.863211E-03,1.102607E-03,4.214859E-04,1.581799E-04,4.862078E-05,1.148344E-05,2.242221E-06,3.512756E-07
-8.81787,38.20000,0.00000,9.328784E-01,9.267322E-01,9.145407E-01,8.925444E-01,8.560067E-01,8.003399E-01,7.234509E-01,6.278300E-01,5.202504E-01,4.093549E-01,3.036075E-01,1.998204E-01,1.170328E-01,6.220169E-02,3.238520E-02,1.612607E-02,6.948024E-03,2.861916E-03,1.132243E-03,4.328258E-04,1.603847E-04,5.668153E-05,1.859574E-05,4.511592E-06,7.474187E-07
-8.81787,38.30000,0.00000,9.326649E-01,9.263725E-01,9.139433E-01,8.916202E-01,8.547503E-01,7.989718E-01,7.225099E-01,6.280057E-01,5.219729E-01,4.125119E-01,3.007888E-01,1.940433E-01,1.133080E-01,6.062991E-02,3.324067E-02,1.578273E-02,6.842698E-03,2.850216E-03,1.138492E-03,4.377112E-04,1.624147E-04,5.711878E-05,1.868656E-05,4.042809E-06,6.376035E-07
-8.81787,38.40000,0.00000,9.312723E-01,9.247935E-01,9.120514E-01,8.892869E-01,8.519400E-01,7.959037E-01,7.197461E-01,6.262727E-01,5.217367E-01,4.136899E-01,2.922126E-01,1.875884E-01,1.090385E-01,6.113350E-02,3.333867E-02,1.530549E-02,6.697816E-03,2.832426E-03,1.148893E-03,4.468304E-04,1.666032E-04,5.777638E-05,1.868466E-05,4.100264E-06,6.518834E-07
-8.81787,38.50000,0.00000,9.260976E-01,9.193469E-01,9.061252E-01,8.826669E-01,8.445594E-01,7.880431E-01,7.121192E-01,6.197717E-01,5.169808E-01,4.056914E-01,2.845100E-01,1.821270E-01,1.056715E-01,6.064365E-02,3.272800E-02,1.509917E-02,6.718106E-03,2.888602E-03,1.193705E-03,4.740973E-04,1.810734E-04,5.979736E-05,1.798373E-05,4.153548E-06,6.599216E-07
-8.81787,38.60000,0.00000,9.209539E-01,9.139507E-01,9.002870E-01,8.762016E-01,8.374283E-01,7.805343E-01,7.048963E-01,6.136323E-01,5.124653E-01,3.935545E-01,2.750018E-01,1.755775E-01,1.024935E-01,6.117269E-02,3.177708E-02,1.488397E-02,6.770578E-03,2.986244E-03,1.262550E-03,5.097957E-04,1.972977E-04,6.262795E-05,1.802246E-05,4.254493E-06,6.716110E-07
-8.81787,38.70000,0.00000,9.176345E-01,9.103918E-01,8.963166E-01,8.716374E-01,8.321830E-01,7.747602E-01,6.990449E-01,6.082907E-01,5.061811E-01,3.800119E-01,2.643777E-01,1.683225E-01,1.016346E-01,6.034860E-02,3.067550E-02,1.461117E-02,6.818862E-03,3.105034E-03,1.350168E-03,5.493378E-04,2.053977E-04,6.189218E-05,1.665627E-05,4.174833E-06,6.497563E-07
-8.81787,38.80000,0.00000,9.128079E-01,9.052768E-01,8.907006E-01,8.652915E-01,8.249714E-01,7.667868E-01,6.907078E-01,6.001592E-01,4.902431E-01,3.656124E-01,2.527339E-01,1.600065E-01,9.758579E-02,5.807904E-02,2.904563E-02,1.408961E-02,6.818111E-03,3.291660E-03,1.540973E-03,6.343678E-04,2.122422E-04,6.228109E-05,1.832198E-05,4.073526E-06,6.264227E-07
-8.81787,38.90000,0.00000,9.052455E-01,8.974320E-01,8.823549E-01,8.562194E-01,8.150650E-01,7.561911E-01,6.798508E-01,5.896436E-01,4.728977E-01,3.507335E-01,2.413900E-01,1.524562E-01,9.538840E-02,5.511712E-02,2.788021E-02,1.381203E-02,6.941957E-03,3.584314E-03,1.673701E-03,6.424286E-04,2.138841E-04,7.474253E-05,2.064494E-05,4.004163E-06,6.134036E-07
-8.81787,39.00000,0.00000,9.038982E-01,8.958791E-01,8.804578E-01,8.538115E-01,8.119841E-01,7.523405E-01,6.752523E-01,5.743277E-01,4.512088E-01,3.328252E-01,2.282054E-01,1.460292E-01,9.311844E-02,5.201343E-02,2.656056E-02,1.334428E-02,6.866340E-03,3.709648E-03,1.601842E-03,6.082361E-04,2.290730E-04,8.015839E-05,1.902928E-05,3.672805E-06,5.611656E-07
-8.81787,39.10000,0.00000,8.956907E-01,8.873968E-01,8.714912E-01,8.441350E-01,8.014534E-01,7.409708E-01,6.632496E-01,5.609522E-01,4.388743E-01,3.224655E-01,2.203169E-01,1.401489E-01,8.898725E-02,4.977785E-02,2.557168E-02,1.292471E-02,6.663724E-03,3.521394E-03,1.505791E-03,5.726124E-04,2.244298E-04,7.562625E-05,1.802017E-05,3.505071E-06,5.421458E-07
-8.81787,39.20000,0.00000,8.974642E-01,8.889490E-01,8.726708E-01,8.447143E-01,8.011015E-01,7.392859E-01,6.590076E-01,5.423315E-01,4.217533E-01,3.081685E-01,2.095272E-01,1.343753E-01,8.370288E-02,4.597465E-02,2.382419E-02,1.209966E-02,6.200853E-03,3.241427E-03,1.426566E-03,5.490138E-04,1.841019E-04,6.167540E-05,1.812099E-05,3.583027E-06,5.647756E-07
-8.81787,39.30000,0.00000,8.888217E-01,8.799891E-01,8.631381E-01,8.343034E-01,7.895294E-01,7.263782E-01,6.409431E-01,5.247223E-01,4.061093E-01,2.954662E-01,2.001428E-01,1.260953E-01,7.789668E-02,4.393050E-02,2.280036E-02,1.157926E-02,5.879643E-03,2.974894E-03,1.278905E-03,4.876326E-04,1.688638E-04,4.987798E-05,1.557036E-05,3.553929E-06,5.731231E-07
-8.81787,39.40000,0.00000,8.806372E-01,8.715473E-01,8.542286E-01,8.246679E-01,7.789136E-01,7.145907E-01,6.155312E-01,5.013021E-01,3.864619E-01,2.804666E-01,1.897704E-01,1.185284E-01,7.197984E-02,4.098405E-02,2.189071E-02,1.111622E-02,5.324817E-03,2.350190E-03,9.593965E-04,3.478940E-04,1.256468E-04,4.401607E-05,1.101626E-05,2.181944E-06,3.480353E-07
-8.81787,39.50000,0.00000,8.736279E-01,8.642787E-01,8.464839E-01,8.161585E-01,7.693214E-01,6.940473E-01,5.911937E-01,4.779763E-01,3.657888E-01,2.635329E-01,1.770271E-01,1.097771E-01,6.478122E-02,3.606400E-02,1.873780E-02,9.003599E-03,4.126116E-03,1.693093E-03,7.140446E-04,2.892345E-04,8.244561E-05,2.034885E-05,4.274610E-06,7.479412E-07,1.060506E-07
-8.81787,39.60000,0.00000,8.750617E-01,8.654783E-01,8.472720E-01,8.162509E-01,7.614483E-01,6.774005E-01,5.742747E-01,4.621020E-01,3.520219E-01,2.525151E-01,1.689885E-01,1.044894E-01,6.056004E-02,3.278178E-02,1.669314E-02,7.977307E-03,3.452886E-03,1.479697E-03,6.201513E-04,2.134278E-04,6.030854E-05,1.509255E-05,3.271696E-06,5.950793E-07,8.761405E-08
-8.81787,39.70000,0.00000,8.689097E-01,8.560809E-01,8.313421E-01,7.896774E-01,7.265858E-01,6.413556E-01,5.393797E-01,4.308101E-01,3.261057E-01,2.327388E-01,1.551471E-01,9.556287E-02,5.517224E-02,2.966817E-02,1.487009E-02,6.910706E-03,2.965552E-03,1.298483E-03,5.474701E-04,1.816249E-04,5.304477E-05,1.377859E-05,3.083284E-06,5.734044E-07,8.566125E-08
-8.81787,39.80000,0.00000,8.539738E-01,8.400088E-01,8.139846E-01,7.706711E-01,7.060146E-01,6.199960E-01,5.185794E-01,4.120118E-01,3.103970E-01,2.206644E-01,1.466498E-01,9.016708E-02,5.169039E-02,2.787663E-02,1.378654E-02,6.253094E-03,2.795784E-03,1.226000E-03,5.106546E-04,1.677418E-04,5.024659E-05,1.336357E-05,3.048874E-06,5.761757E-07,8.735358E-08
-8.81787,39.90000,0.00000,8.272669E-01,8.124619E-01,7.851411E-01,7.403274E-01,6.746222E-01,5.888329E-01,4.894181E-01,3.864839E-01,2.895466E-01,2.048430E-01,1.355832E-01,8.312071E-02,4.717731E-02,2.513866E-02,1.225072E-02,5.642170E-03,2.557140E-03,1.127761E-03,4.563682E-04,1.536453E-04,4.733524E-05,1.292962E-05,3.021898E-06,5.844768E-07,9.078348E-08
-8.81787,40.00000,0.00000,7.917594E-01,7.764491E-01,7.484111E-01,7.030291E-01,6.376187E-01,5.537387E-01,4.581035E-01,3.603774E-01,2.692494E-01,1.901782E-01,1.258284E-01,7.717842E-02,4.450507E-02,2.355566E-02,1.139848E-02,5.204238E-03,2.332006E-03,1.010572E-03,4.234740E-04,1.469979E-04,4.603608E-05,1.278225E-05,3.039056E-06,5.990452E-07,9.509813E-08
-8.81787,40.10000,0.00000,7.655280E-01,7.497509E-01,7.210346E-01,6.749835E-01,6.093917E-01,5.263684E-01,4.329140E-01,3.385415E-01,2.514898E-01,1.767006E-01,1.174625E-01,7.296230E-02,4.160834E-02,2.198084E-02,1.051721E-02,4.667312E-03,2.082347E-03,9.045695E-04,3.828930E-04,1.411023E-04,4.499717E-05,1.268978E-05,3.058059E-06,6.106088E-07,9.829450E-08
-8.81787,40.20000,0.00000,7.342982E-01,7.183144E-01,6.893613E-01,6.433105E-01,5.784276E-01,4.972744E-01,4.069731E-01,3.167435E-01,2.343139E-01,1.641174E-01,1.080078E-01,6.701753E-02,3.822040E-02,1.987356E-02,9.448675E-03,4.388195E-03,1.971214E-03,8.643039E-04,3.700478E-04,1.350737E-04,4.388951E-05,1.253466E-05,3.043430E-06,6.102640E-07,9.851017E-08
-8.81787,40.30000,0.00000,7.222173E-01,7.058741E-01,6.764249E-01,6.298662E-01,5.647169E-01,4.838360E-01,3.945166E-01,3.059146E-01,2.255161E-01,1.579058E-01,1.049180E-01,6.485435E-02,3.684509E-02,1.907838E-02,9.023848E-03,4.179738E-03,1.885921E-03,8.331916E-04,3.601226E-04,1.336048E-04,4.353626E-05,1.242455E-05,3.004845E-06,5.984574E-07,9.569396E-08
-8.81787,40.40000,0.00000,6.707212E-01,6.555188E-01,6.277807E-01,5.840161E-01,5.231568E-01,4.482034E-01,3.660641E-01,2.851071E-01,2.119979E-01,1.494021E-01,9.841331E-02,6.013391E-02,3.440007E-02,1.815581E-02,8.578589E-03,3.898684E-03,1.773353E-03,7.893631E-04,3.434510E-04,1.318691E-04,4.306628E-05,1.226327E-05,2.946372E-06,5.804170E-07,9.138670E-08
-8.81787,40.50000,0.00000,6.466628E-01,6.313818E-01,6.037707E-01,5.603359E-01,5.002207E-01,4.266202E-01,3.464931E-01,2.680763E-01,1.978069E-01,1.389785E-01,9.246066E-02,5.715701E-02,3.208404E-02,1.671467E-02,8.116555E-03,3.543774E-03,1.565546E-03,6.858098E-04,2.925058E-04,1.202654E-04,4.246552E-05,1.209802E-05,2.895041E-06,5.655119E-07,8.789580E-08
-8.81787,40.60000,0.00000,6.383078E-01,6.227266E-01,5.947068E-01,5.508455E-01,4.904695E-01,4.169858E-01,3.374846E-01,2.601646E-01,1.912916E-01,1.339483E-01,8.882679E-02,5.450595E-02,3.047386E-02,1.582715E-02,7.698408E-03,3.395409E-03,1.448983E-03,6.326871E-04,2.699885E-04,1.115888E-04,4.232789E-05,1.206593E-05,2.885062E-06,5.624861E-07,8.716422E-08
-8.81787,40.70000,0.00000,6.207325E-01,6.052786E-01,5.775211E-01,5.341758E-01,4.747230E-01,4.026741E-01,3.250800E-01,2.499566E-01,1.833342E-01,1.280995E-01,8.480715E-02,5.242367E-02,2.919484E-02,1.504408E-02,7.308572E-03,3.282018E-03,1.382053E-03,6.056415E-04,2.610362E-04,1.090897E-04,4.243320E-05,1.214531E-05,2.920068E-06,5.737735E-07,8.987591E-08
-8.81787,40.80000,0.00000,5.592247E-01,5.458842E-01,5.214445E-01,4.827820E-01,4.293550E-01,3.643712E-01,2.942758E-01,2.264045E-01,1.662850E-01,1.165289E-01,7.754139E-02,4.867570E-02,2.813272E-02,1.431797E-02,6.989349E-03,3.198962E-03,1.354304E-03,5.756989E-04,2.508152E-04,1.060348E-04,4.262053E-05,1.230325E-05,2.987942E-06,5.957442E-07,9.520942E-08
-8.81787,40.90000,0.00000,5.525600E-01,5.390068E-01,5.142808E-01,4.753335E-01,4.217675E-01,3.569469E-01,2.874018E-01,2.204191E-01,1.613810E-01,1.127404E-01,7.478356E-02,4.678598E-02,2.721254E-02,1.386340E-02,6.612019E-03,3.046855E-03,1.326392E-03,5.466986E-04,2.245066E-04,9.266874E-05,3.640886E-05,1.247125E-05,3.060875E-06,6.195581E-07,1.010457E-07
-8.81787,41.00000,0.00000,5.466985E-01,5.329565E-01,5.079871E-01,4.688188E-01,4.151886E-01,3.505943E-01,2.816181E-01,2.154768E-01,1.574007E-01,1.097002E-01,7.257234E-02,4.525337E-02,2.633899E-02,1.339560E-02,6.288988E-03,2.907439E-03,1.300380E-03,5.394029E-04,2.144991E-04,8.799220E-05,3.485280E-05,1.260214E-05,3.111828E-06,6.353956E-07,1.048590E-07
-8.81787,41.10000,0.00000,5.390906E-01,5.251607E-01,4.999626E-01,4.606174E-01,4.070114E-01,3.427839E-01,2.745626E-01,2.094778E-01,1.525970E-01,1.060733E-01,6.999543E-02,4.353600E-02,2.541589E-02,1.304410E-02,6.117408E-03,2.803739E-03,1.244226E-03,5.325399E-04,2.130201E-04,8.592593E-05,3.432341E-05,1.270621E-05,3.156266E-06,6.429371E-07,1.057833E-07
-8.81787,41.20000,0.00000,5.270277E-01,5.132170E-01,4.882643E-01,4.493798E-01,3.965454E-01,3.334440E-01,2.666429E-01,2.031157E-01,1.477512E-01,1.025692E-01,6.758945E-02,4.196401E-02,2.443098E-02,1.273614E-02,5.973869E-03,2.658492E-03,1.177466E-03,5.159941E-04,2.058768E-04,8.200658E-05,3.269680E-05,1.204653E-05,3.092784E-06,6.241241E-07,1.014122E-07
-8.81787,41.30000,0.00000,5.028632E-01,4.897830E-01,4.660128E-01,4.288490E-01,3.782920E-01,3.179291E-01,2.540964E-01,1.934752E-01,1.407150E-01,9.770409E-02,6.441715E-02,4.001404E-02,2.328528E-02,1.223968E-02,5.825448E-03,2.576854E-03,1.100743E-03,4.661750E-04,1.910148E-04,7.219728E-05,2.815458E-05,1.022688E-05,2.831151E-06,5.655937E-07,9.118023E-08
-8.81787,41.40000,0.00000,4.959718E-01,4.827344E-01,4.587952E-01,4.215544E-01,3.711542E-01,3.112920E-01,2.483007E-01,1.887346E-01,1.370649E-01,9.504011E-02,6.256482E-02,3.878026E-02,2.248918E-02,1.198330E-02,5.723626E-03,2.535258E-03,1.083070E-03,4.476406E-04,1.781012E-04,6.853695E-05,2.695282E-05,9.895439E-06,2.855430E-06,5.649755E-07,8.940950E-08
-8.81787,41.50000,0.00000,4.924878E-01,4.789155E-01,4.545448E-01,4.168898E-01,3.662600E-01,3.064949E-01,2.439565E-01,1.850927E-01,1.342083E-01,9.291830E-02,6.106059E-02,3.775725E-02,2.181689E-02,1.174348E-02,5.638508E-03,2.512625E-03,1.074708E-03,4.444143E-04,1.748861E-04,6.737017E-05,2.669748E-05,9.852976E-06,2.835707E-06,5.567189E-07,8.714562E-08
-8.81787,41.60000,0.00000,4.822126E-01,4.686505E-01,4.443869E-01,4.070496E-01,3.570694E-01,2.983374E-01,2.371339E-01,1.797196E-01,1.302076E-01,9.009144E-02,5.916531E-02,3.655119E-02,2.108149E-02,1.130583E-02,5.409287E-03,2.494985E-03,1.071184E-03,4.439811E-04,1.748951E-04,6.728752E-05,2.658135E-05,9.840614E-06,2.855354E-06,5.624060E-07,8.849294E-08
-8.81787,41.70000,0.00000,4.569493E-01,4.442114E-01,4.213070E-01,3.859582E-01,3.385855E-01,2.829148E-01,2.249229E-01,1.705417E-01,1.236570E-01,8.566955E-02,5.636443E-02,3.489324E-02,2.015422E-02,1.080261E-02,5.279787E-03,2.411827E-03,1.056385E-03,4.322648E-04,1.733723E-04,6.690314E-05,2.637024E-05,9.798791E-06,2.910926E-06,5.794102E-07,9.259028E-08
-8.81787,41.80000,0.00000,4.528755E-01,4.398583E-01,4.166207E-01,3.810073E-01,3.335966E-01,2.782237E-01,2.208458E-01,1.672537E-01,1.211646E-01,8.386616E-02,5.510541E-02,3.403945E-02,1.958842E-02,1.043682E-02,5.133442E-03,2.318365E-03,9.927541E-04,4.042200E-04,1.620128E-04,6.409254E-05,2.468840E-05,9.107496E-06,2.974595E-06,5.994187E-07,9.745807E-08
-8.81787,41.90000,0.00000,4.463845E-01,4.331648E-01,4.097205E-01,3.740255E-01,3.268143E-01,2.720118E-01,2.155289E-01,1.629916E-01,1.179355E-01,8.153442E-02,5.349783E-02,3.298378E-02,1.892857E-02,1.004396E-02,4.913375E-03,2.222496E-03,9.519682E-04,3.954603E-04,1.557471E-04,6.269025E-05,2.427487E-05,8.991943E-06,2.990245E-06,6.114155E-07,1.003869E-07
-8.81787,42.00000,0.00000,4.373728E-01,4.241096E-01,4.007098E-01,3.652738E-01,3.186607E-01,2.648353E-01,2.096066E-01,1.584041E-01,1.145787E-01,7.920255E-02,5.195883E-02,3.201774E-02,1.834789E-02,9.708123E-03,4.729915E-03,2.132227E-03,9.162169E-04,3.823694E-04,1.555830E-04,6.192901E-05,2.421178E-05,8.985528E-06,2.990810E-06,6.083845E-07,9.964008E-08
-8.81787,42.10000,0.00000,4.061477E-01,3.941017E-01,3.726834E-01,3.400722E-01,2.970274E-01,2.472070E-01,1.959905E-01,1.484160E-01,1.076150E-01,7.461260E-02,4.913034E-02,3.040388E-02,1.749313E-02,9.281621E-03,4.527844E-03,2.043475E-03,8.834339E-04,3.709776E-04,1.531344E-04,6.127179E-05,2.413697E-05,8.973518E-06,2.950319E-06,5.912474E-07,9.545719E-08
-8.81787,42.20000,0.00000,4.047759E-01,3.923303E-01,3.704007E-01,3.372970E-01,2.939543E-01,2.441544E-01,1.932675E-01,1.462003E-01,1.059263E-01,7.337330E-02,4.824069E-02,2.978043E-02,1.707345E-02,9.016950E-03,4.376570E-03,1.967606E-03,8.516434E-04,3.579787E-04,1.480953E-04,5.939221E-05,2.338784E-05,8.661668E-06,2.876226E-06,5.677446E-07,8.977136E-08
-8.71787,36.90000,0.00000,9.042730E-01,8.826818E-01,8.490960E-01,8.001772E-01,7.340101E-01,6.515020E-01,5.567718E-01,4.562278E-01,3.571137E-01,2.661805E-01,1.885764E-01,1.269404E-01,8.120001E-02,4.927966E-02,2.824044E-02,1.516728E-02,7.569382E-03,3.480859E-03,1.462349E-03,5.552309E-04,1.876220E-04,5.524200E-05,1.380980E-05,2.851484E-06,4.733031E-07
-8.71787,37.00000,0.00000,9.292634E-01,9.237010E-01,9.123881E-01,8.915142E-01,8.560681E-01,8.008544E-01,7.231092E-01,6.253623E-01,5.154888E-01,4.034327E-01,2.980443E-01,2.062224E-01,1.327480E-01,7.934430E-02,4.414619E-02,2.291069E-02,1.104484E-02,4.890301E-03,1.959738E-03,7.009246E-04,2.207690E-04,6.025209E-05,1.394683E-05,2.669077E-06,4.107585E-07
-8.71787,37.10000,0.00000,9.303555E-01,9.248333E-01,9.135913E-01,8.928116E-01,8.574332E-01,8.021524E-01,7.240741E-01,6.257011E-01,5.150759E-01,4.023995E-01,2.966764E-01,2.048011E-01,1.314684E-01,7.831634E-02,4.341131E-02,2.244931E-02,1.079370E-02,4.772651E-03,1.912534E-03,6.848034E-04,2.161604E-04,5.919048E-05,1.376553E-05,2.650761E-06,4.111482E-07
-8.71787,37.20000,0.00000,9.291737E-01,9.236460E-01,9.123764E-01,8.915291E-01,8.560235E-01,8.005270E-01,7.221187E-01,6.233241E-01,5.123022E-01,3.994164E-01,2.937622E-01,2.021973E-01,1.293080E-01,7.663710E-02,4.219128E-02,2.162950E-02,1.029117E-02,4.496320E-03,1.779236E-03,6.298631E-04,1.973063E-04,5.391782E-05,1.258237E-05,2.439973E-06,3.815665E-07
-8.71787,37.30000,0.00000,9.302596E-01,9.247410E-01,9.134973E-01,8.926923E-01,8.572165E-01,8.016580E-01,7.229859E-01,6.236613E-01,5.119179E-01,3.983075E-01,2.920956E-01,2.002219E-01,1.272915E-01,7.481317E-02,4.071987E-02,2.056977E-02,9.608639E-03,4.102917E-03,1.576987E-03,5.381166E-04,1.612575E-04,4.194006E-05,9.302554E-06,1.717480E-06,2.562190E-07
-8.71787,37.40000,0.00000,9.323627E-01,9.268440E-01,9.156243E-01,8.948720E-01,8.594511E-01,8.038697E-01,7.249768E-01,6.251395E-01,5.126171E-01,3.981215E-01,2.911375E-01,1.987702E-01,1.256791E-01,7.332285E-02,3.952836E-02,1.973861E-02,9.106399E-03,3.843502E-03,1.464070E-03,4.971799E-04,1.489678E-04,3.887452E-05,8.658604E-06,1.601657E-06,2.383930E-07
-8.71787,37.50000,0.00000,9.332177E-01,9.276729E-01,9.164203E-01,8.956265E-01,8.601411E-01,8.044366E-01,7.253051E-01,6.250645E-01,5.119963E-01,3.969399E-01,2.895463E-01,1.970242E-01,1.240262E-01,7.193259E-02,3.848105E-02,1.904306E-02,8.712346E-03,3.661566E-03,1.400235E-03,4.828877E-04,1.487680E-04,4.031421E-05,9.372355E-06,1.811736E-06,2.818655E-07
-8.71787,37.60000,0.00000,9.338529E-01,9.282652E-01,9.169521E-01,8.960822E-01,8.605072E-01,8.046998E-01,7.254329E-01,6.249757E-01,5.115679E-01,3.960919E-01,2.883187E-01,1.955720E-01,1.225480E-01,7.059487E-02,3.739362E-02,1.825564E-02,8.198943E-03,3.385373E-03,1.268462E-03,4.286263E-04,1.295985E-04,3.459590E-05,7.968534E-06,1.536743E-06,2.402799E-07
-8.71787,37.70000,0.00000,9.324328E-01,9.267491E-01,9.152651E-01,8.941388E-01,8.582498E-01,8.021554E-01,7.227399E-01,6.223142E-01,5.090458E-01,3.937305E-01,2.861263E-01,1.935963E-01,1.208442E-01,6.919158E-02,3.629502E-02,1.745229E-02,7.675613E-03,3.064430E-03,1.098320E-03,3.496878E-04,9.808662E-05,2.400995E-05,5.048226E-06,8.902709E-07,1.277184E-07
-8.71787,37.80000,0.00000,9.328163E-01,9.270664E-01,9.154842E-01,8.942381E-01,8.582468E-01,8.021471E-01,7.228979E-01,6.227663E-01,5.097160E-01,3.943400E-01,2.863970E-01,1.934402E-01,1.203707E-01,6.858493E-02,3.570863E-02,1.661273E-02,7.275104E-03,2.864721E-03,9.965588E-04,3.063133E-04,8.285820E-05,1.967666E-05,4.066039E-06,7.161221E-07,1.041075E-07
-8.71787,37.90000,0.00000,9.335173E-01,9.276819E-01,9.159737E-01,8.945721E-01,8.584478E-01,8.023584E-01,7.234001E-01,6.238329E-01,5.113676E-01,3.962623E-01,2.881599E-01,1.947703E-01,1.212303E-01,6.906927E-02,3.430975E-02,1.577000E-02,6.884179E-03,2.846736E-03,9.823620E-04,2.997004E-04,8.072245E-05,1.917992E-05,3.981736E-06,7.055317E-07,1.030874E-07
-8.71787,38.00000,0.00000,9.341013E-01,9.281680E-01,9.163113E-01,8.947204E-01,8.584262E-01,8.023297E-01,7.237111E-01,6.248734E-01,5.132822E-01,3.988106E-01,2.908761E-01,1.972355E-01,1.232182E-01,6.703225E-02,3.290162E-02,1.511592E-02,6.609100E-03,2.770798E-03,1.050673E-03,3.236616E-04,8.751811E-05,2.068697E-05,4.231692E-06,7.336855E-07,1.044354E-07
-8.71787,38.10000,0.00000,9.331203E-01,9.270496E-01,9.149667E-01,8.930661E-01,8.564644E-01,8.002754E-01,7.220555E-01,6.242146E-01,5.139800E-01,4.007795E-01,2.936963E-01,2.003924E-01,1.205977E-01,6.427267E-02,3.151177E-02,1.451066E-02,6.387629E-03,2.693144E-03,1.092788E-03,4.244609E-04,1.234775E-04,3.109950E-05,6.621580E-06,1.160090E-06,1.624083E-07
-8.71787,38.20000,0.00000,9.345952E-01,9.284282E-01,9.162092E-01,8.941492E-01,8.574350E-01,8.013479E-01,7.236561E-01,6.268173E-01,5.177721E-01,4.054982E-01,2.988067E-01,1.989884E-01,1.164620E-01,6.187025E-02,3.031930E-02,1.489529E-02,6.872572E-03,2.862151E-03,1.137388E-03,4.294347E-04,1.597302E-04,5.712494E-05,1.449454E-05,2.914611E-06,4.672045E-07
-8.71787,38.30000,0.00000,9.293658E-01,9.229527E-01,9.102882E-01,8.875747E-01,8.501397E-01,7.936258E-01,7.162845E-01,6.208323E-01,5.139601E-01,4.040309E-01,2.992686E-01,1.930988E-01,1.125455E-01,5.962462E-02,3.107506E-02,1.556865E-02,6.775957E-03,2.829012E-03,1.134673E-03,4.382961E-04,1.597547E-04,5.718447E-05,1.576727E-05,3.168521E-06,5.100310E-07
-8.71787,38.40000,0.00000,9.271126E-01,9.204851E-01,9.074506E-01,8.842005E-01,8.461546E-01,7.892196E-01,7.120126E-01,6.174440E-01,5.119761E-01,4.034453E-01,2.922210E-01,1.875402E-01,1.089966E-01,5.768363E-02,3.082313E-02,1.530567E-02,6.703339E-03,2.834593E-03,1.149071E-03,4.464735E-04,1.601611E-04,5.715833E-05,1.551355E-05,3.124434E-06,5.070014E-07
-8.71787,38.50000,0.00000,9.238445E-01,9.169964E-01,9.035846E-01,8.798032E-01,8.412015E-01,7.839863E-01,7.071406E-01,6.137049E-01,5.098467E-01,4.028836E-01,2.835753E-01,1.814672E-01,1.053209E-01,5.809938E-02,3.159434E-02,1.508295E-02,6.708718E-03,2.876468E-03,1.182559E-03,4.645428E-04,1.660627E-04,5.704698E-05,1.621778E-05,3.263159E-06,5.295262E-07
-8.71787,38.60000,0.00000,9.194893E-01,9.123943E-01,8.985552E-01,8.741673E-01,8.349124E-01,7.773010E-01,7.006718E-01,6.081976E-01,5.058121E-01,3.902075E-01,2.724231E-01,1.739737E-01,1.010033E-01,5.738349E-02,3.149290E-02,1.485794E-02,6.751431E-03,2.958637E-03,1.232776E-03,4.848854E-04,1.775784E-04,5.685718E-05,1.819610E-05,3.663395E-06,5.919154E-07
-8.71787,38.70000,0.00000,9.175661E-01,9.102730E-01,8.961016E-01,8.712452E-01,8.314674E-01,7.734892E-01,6.969091E-01,6.050074E-01,5.035545E-01,3.781738E-01,2.624508E-01,1.666527E-01,9.779006E-02,5.780510E-02,3.013599E-02,1.431882E-02,6.655822E-03,3.003182E-03,1.281784E-03,5.062406E-04,1.824785E-04,5.453474E-05,1.730274E-05,3.650265E-06,5.795283E-07
-8.71787,38.80000,0.00000,9.123669E-01,9.047701E-01,8.900667E-01,8.644276E-01,8.237125E-01,7.648976E-01,6.879122E-01,5.962484E-01,4.861318E-01,3.619711E-01,2.499776E-01,1.582780E-01,9.520514E-02,5.624206E-02,2.884424E-02,1.401736E-02,6.767394E-03,3.229121E-03,1.457201E-03,5.551773E-04,1.874676E-04,5.659229E-05,1.809529E-05,3.572090E-06,5.596817E-07
-8.71787,38.90000,0.00000,9.072157E-01,8.993762E-01,8.842490E-01,8.579962E-01,8.165655E-01,7.571397E-01,6.798973E-01,5.884935E-01,4.701654E-01,3.483241E-01,2.395647E-01,1.513124E-01,9.242968E-02,5.455149E-02,2.776037E-02,1.377970E-02,6.914651E-03,3.529961E-03,1.503115E-03,5.695302E-04,1.907414E-04,7.016052E-05,1.805057E-05,3.541160E-06,5.523497E-07
-8.71787,39.00000,0.00000,9.030692E-01,8.949861E-01,8.794392E-01,8.525693E-01,8.103740E-01,7.501803E-01,6.723683E-01,5.744295E-01,4.511811E-01,3.326929E-01,2.280367E-01,1.437714E-01,9.038586E-02,5.196202E-02,2.655485E-02,1.334777E-02,6.850860E-03,3.487304E-03,1.478058E-03,5.569225E-04,2.173244E-04,7.291057E-05,1.743548E-05,3.411758E-06,5.316613E-07
-8.71787,39.10000,0.00000,8.968390E-01,8.884890E-01,8.724778E-01,8.449209E-01,8.018729E-01,7.407928E-01,6.622462E-01,5.666628E-01,4.435410E-01,3.258279E-01,2.223998E-01,1.396083E-01,8.686488E-02,4.971591E-02,2.552831E-02,1.290187E-02,6.666485E-03,3.344450E-03,1.436274E-03,5.399821E-04,2.386324E-04,7.153524E-05,1.722248E-05,3.405085E-06,5.386952E-07
-8.71787,39.20000,0.00000,8.967842E-01,8.881993E-01,8.717865E-01,8.435936E-01,7.996012E-01,7.372469E-01,6.565564E-01,5.399175E-01,4.195668E-01,3.063710E-01,2.082082E-01,1.323724E-01,8.194195E-02,4.574153E-02,2.371966E-02,1.206085E-02,6.226622E-03,3.181399E-03,1.362723E-03,5.222405E-04,2.120271E-04,7.145115E-05,1.748606E-05,3.523965E-06,5.704172E-07
-8.71787,39.30000,0.00000,8.877549E-01,8.788872E-01,8.619596E-01,8.329789E-01,7.879640E-01,7.244723E-01,6.400936E-01,5.239187E-01,4.054183E-01,2.949308E-01,1.997691E-01,1.247451E-01,7.726754E-02,4.385548E-02,2.276605E-02,1.157778E-02,5.932685E-03,2.855574E-03,1.213326E-03,4.658544E-04,1.614341E-04,6.118255E-05,1.642669E-05,3.392157E-06,5.646700E-07
-8.71787,39.40000,0.00000,8.802737E-01,8.711296E-01,8.537031E-01,8.239486E-01,7.778835E-01,7.083585E-01,6.060266E-01,4.920790E-01,3.781117E-01,2.734486E-01,1.843249E-01,1.158139E-01,7.066536E-02,4.017912E-02,2.100530E-02,1.068057E-02,5.119302E-03,2.213763E-03,8.869366E-04,3.312499E-04,1.293233E-04,3.502670E-05,7.523203E-06,1.305635E-06,1.782774E-07
-8.71787,39.50000,0.00000,8.756351E-01,8.662233E-01,8.483141E-01,8.177813E-01,7.705900E-01,6.955776E-01,5.925936E-01,4.791255E-01,3.666185E-01,2.640440E-01,1.772789E-01,1.098649E-01,6.476907E-02,3.575053E-02,1.857738E-02,8.942798E-03,4.112316E-03,1.696056E-03,7.255912E-04,2.966253E-04,8.601709E-05,2.168356E-05,4.665896E-06,8.378403E-07,1.221818E-07
-8.71787,39.60000,0.00000,8.752232E-01,8.655854E-01,8.472757E-01,8.106761E-01,7.490914E-01,6.643465E-01,5.612210E-01,4.499130E-01,3.414869E-01,2.441724E-01,1.629976E-01,1.005721E-01,5.920050E-02,3.230144E-02,1.638803E-02,7.870831E-03,3.497901E-03,1.428468E-03,6.077285E-04,2.310003E-04,6.734336E-05,1.734932E-05,3.849359E-06,7.124813E-07,1.064645E-07
-8.71787,39.70000,0.00000,8.674170E-01,8.562770E-01,8.315685E-01,7.899397E-01,7.268793E-01,6.416563E-01,5.396487E-01,4.310110E-01,3.262201E-01,2.327759E-01,1.551347E-01,9.551044E-02,5.494701E-02,2.967040E-02,1.489853E-02,6.967080E-03,2.984026E-03,1.312328E-03,5.549937E-04,1.995496E-04,6.005677E-05,1.599062E-05,3.642649E-06,6.860518E-07,1.035970E-07
-8.71787,39.80000,0.00000,8.548599E-01,8.409213E-01,8.149349E-01,7.716569E-01,7.070097E-01,6.209421E-01,5.194042E-01,4.126571E-01,3.108387E-01,2.209186E-01,1.467364E-01,9.017748E-02,5.104109E-02,2.718225E-02,1.340829E-02,6.191763E-03,2.814307E-03,1.238999E-03,5.270654E-04,1.789763E-04,5.545756E-05,1.517833E-05,3.538586E-06,6.797493E-07,1.045667E-07
-8.71787,39.90000,0.00000,8.303263E-01,8.155411E-01,7.882427E-01,7.434202E-01,6.776111E-01,5.915712E-01,4.917603E-01,3.883367E-01,2.908829E-01,2.056835E-01,1.360457E-01,8.333173E-02,4.704042E-02,2.501874E-02,1.219865E-02,5.668728E-03,2.578947E-03,1.142315E-03,4.664783E-04,1.588836E-04,4.947238E-05,1.364332E-05,3.220975E-06,6.310031E-07,9.975180E-08
-8.71787,40.00000,0.00000,7.874378E-01,7.721189E-01,7.440645E-01,6.986893E-01,6.333694E-01,5.497262E-01,4.544933E-01,3.572960E-01,2.667640E-01,1.883012E-01,1.245202E-01,7.650381E-02,4.418034E-02,2.335028E-02,1.128468E-02,5.169782E-03,2.328629E-03,1.016133E-03,4.256156E-04,1.457678E-04,4.578795E-05,1.279929E-05,3.081885E-06,6.197519E-07,1.011775E-07
-8.71787,40.10000,0.00000,7.634795E-01,7.477157E-01,7.190198E-01,6.730111E-01,6.075079E-01,5.246415E-01,4.314091E-01,3.372952E-01,2.505090E-01,1.759746E-01,1.169539E-01,7.268646E-02,4.148754E-02,2.176555E-02,1.038881E-02,4.693775E-03,2.107256E-03,9.212124E-04,3.915283E-04,1.382972E-04,4.430506E-05,1.261730E-05,3.090689E-06,6.319366E-07,1.049839E-07
-8.71787,40.20000,0.00000,7.549543E-01,7.386887E-01,7.092597E-01,6.623839E-01,5.961264E-01,5.129586E-01,4.201312E-01,3.271511E-01,2.420304E-01,1.694042E-01,1.111747E-01,6.769362E-02,3.800788E-02,1.973606E-02,9.600012E-03,4.455965E-03,2.006493E-03,8.833100E-04,3.691740E-04,1.318657E-04,4.310214E-05,1.244483E-05,3.073276E-06,6.310592E-07,1.050788E-07
-8.71787,40.30000,0.00000,7.224233E-01,7.060808E-01,6.766338E-01,6.300802E-01,5.649376E-01,4.840627E-01,3.947379E-01,3.061065E-01,2.256541E-01,1.575382E-01,1.039093E-01,6.415032E-02,3.636163E-02,1.878149E-02,9.019339E-03,4.213474E-03,1.913213E-03,8.508590E-04,3.615844E-04,1.300935E-04,4.265406E-05,1.230184E-05,3.022584E-06,6.152313E-07,1.011935E-07
-8.71787,40.40000,0.00000,6.726245E-01,6.572005E-01,6.293265E-01,5.853753E-01,5.242833E-01,4.490695E-01,3.666633E-01,2.854502E-01,2.121103E-01,1.501649E-01,9.877268E-02,6.021427E-02,3.433885E-02,1.807261E-02,8.504872E-03,3.933405E-03,1.800936E-03,8.071068E-04,3.529040E-04,1.284958E-04,4.213552E-05,1.210069E-05,2.946441E-06,5.913054E-07,9.536470E-08
-8.71787,40.50000,0.00000,6.562024E-01,6.405923E-01,6.124706E-01,5.683156E-01,5.072684E-01,4.325763E-01,3.512932E-01,2.717554E-01,2.004717E-01,1.407744E-01,9.356827E-02,5.728774E-02,3.179543E-02,1.655743E-02,8.001703E-03,3.533354E-03,1.595119E-03,7.030631E-04,3.011558E-04,1.238897E-04,4.146793E-05,1.190866E-05,2.883851E-06,5.723994E-07,9.078935E-08
-8.71787,40.60000,0.00000,6.380256E-01,6.224601E-01,5.944693E-01,5.506595E-01,4.903629E-01,4.169795E-01,3.375769E-01,2.603239E-01,1.914717E-01,1.341116E-01,8.896089E-02,5.441977E-02,3.032630E-02,1.585949E-02,7.645098E-03,3.338075E-03,1.475416E-03,6.483601E-04,2.776993E-04,1.146803E-04,4.133892E-05,1.187263E-05,2.870494E-06,5.679422E-07,8.964919E-08
-8.71787,40.70000,0.00000,6.152932E-01,6.000085E-01,5.725251E-01,5.295864E-01,4.706860E-01,3.993091E-01,3.224367E-01,2.479984E-01,1.819676E-01,1.272118E-01,8.428828E-02,5.217226E-02,2.898482E-02,1.504507E-02,7.345642E-03,3.227731E-03,1.396089E-03,6.182668E-04,2.677800E-04,1.119484E-04,4.148872E-05,1.196374E-05,2.909101E-06,5.803525E-07,9.266441E-08
-8.71787,40.80000,0.00000,5.605485E-01,5.471264E-01,5.225770E-01,4.837864E-01,4.302345E-01,3.651389E-01,2.949423E-01,2.269668E-01,1.667309E-01,1.168561E-01,7.776874E-02,4.884027E-02,2.792531E-02,1.418125E-02,6.906513E-03,3.149273E-03,1.325911E-03,5.897193E-04,2.579910E-04,1.090274E-04,4.181670E-05,1.214065E-05,2.983885E-06,6.047658E-07,9.869042E-08
-8.71787,40.90000,0.00000,5.509220E-01,5.374276E-01,5.128043E-01,4.740165E-01,4.206713E-01,3.561156E-01,2.868381E-01,2.200843E-01,1.612112E-01,1.126777E-01,7.478954E-02,4.684131E-02,2.713330E-02,1.378395E-02,6.695335E-03,3.077184E-03,1.302331E-03,5.351323E-04,2.301806E-04,9.537698E-05,3.734447E-05,1.232983E-05,3.063785E-06,6.309300E-07,1.051858E-07
-8.71787,41.00000,0.00000,5.448331E-01,5.311601E-01,5.063097E-01,4.673262E-01,4.139469E-01,3.496502E-01,2.809726E-01,2.150850E-01,1.571936E-01,1.096152E-01,7.256733E-02,4.530466E-02,2.632020E-02,1.334753E-02,6.368496E-03,2.939983E-03,1.280645E-03,5.276841E-04,2.178161E-04,9.100224E-05,3.602413E-05,1.248033E-05,3.118099E-06,6.473578E-07,1.091275E-07
-8.71787,41.10000,0.00000,5.393529E-01,5.254180E-01,5.002246E-01,4.609075E-01,4.073543E-01,3.431926E-01,2.750196E-01,2.099375E-01,1.530066E-01,1.063996E-01,7.023602E-02,4.371366E-02,2.556257E-02,1.303634E-02,6.103657E-03,2.825621E-03,1.269497E-03,5.276724E-04,2.109009E-04,8.945868E-05,3.599310E-05,1.308494E-05,3.272184E-06,6.769382E-07,1.132995E-07
-8.71787,41.20000,0.00000,5.265772E-01,5.127811E-01,4.878656E-01,4.490570E-01,3.963387E-01,3.333802E-01,2.667133E-01,2.032776E-01,1.479488E-01,1.027598E-01,6.775495E-02,4.210766E-02,2.456525E-02,1.273387E-02,5.988362E-03,2.717107E-03,1.211849E-03,5.292610E-04,2.138364E-04,8.491390E-05,3.393440E-05,1.250158E-05,3.877462E-06,8.333452E-07,1.441079E-07
-8.71787,41.30000,0.00000,5.011352E-01,4.881307E-01,4.644943E-01,4.275361E-01,3.772531E-01,3.172023E-01,2.536683E-01,1.932836E-01,1.406768E-01,9.774929E-02,6.450321E-02,4.012159E-02,2.340683E-02,1.230468E-02,5.859165E-03,2.595657E-03,1.127182E-03,4.846147E-04,1.928054E-04,7.358609E-05,2.876499E-05,1.041040E-05,2.876384E-06,5.653176E-07,8.881639E-08
-8.71787,41.40000,0.00000,4.929672E-01,4.798684E-01,4.561597E-01,4.192538E-01,3.692801E-01,3.098916E-01,2.473521E-01,1.881569E-01,1.367539E-01,9.490584E-02,6.254418E-02,3.883206E-02,2.258439E-02,1.205735E-02,5.754579E-03,2.548269E-03,1.087245E-03,4.487959E-04,1.840021E-04,6.974072E-05,2.737114E-05,1.001669E-05,2.758900E-06,5.359349E-07,8.286123E-08
-8.71787,41.50000,0.00000,4.887206E-01,4.753203E-01,4.512318E-01,4.139816E-01,3.638627E-01,3.046608E-01,2.426582E-01,1.842379E-01,1.336815E-01,9.262180E-02,6.092627E-02,3.773763E-02,2.187223E-02,1.179442E-02,5.662964E-03,2.516950E-03,1.076604E-03,4.440413E-04,1.760995E-04,6.848812E-05,2.708878E-05,9.968034E-06,2.730161E-06,5.268892E-07,8.071614E-08
-8.71787,41.60000,0.00000,4.811371E-01,4.676139E-01,4.434279E-01,4.062214E-01,3.564264E-01,2.979090E-01,2.369083E-01,1.796467E-01,1.302255E-01,9.015438E-02,5.925125E-02,3.665264E-02,2.119328E-02,1.141718E-02,5.489390E-03,2.500470E-03,1.073027E-03,4.434448E-04,1.737159E-04,6.784211E-05,2.697887E-05,9.957398E-06,2.744062E-06,5.306214E-07,8.153832E-08
-8.71787,41.70000,0.00000,4.576919E-01,4.449120E-01,4.219619E-01,3.865767E-01,3.391871E-01,2.835127E-01,2.255074E-01,1.710801E-01,1.241116E-01,8.602154E-02,5.662225E-02,3.508364E-02,2.030420E-02,1.092543E-02,5.313506E-03,2.466956E-03,1.074170E-03,4.452693E-04,1.747189E-04,6.698720E-05,2.677738E-05,9.917691E-06,2.810495E-06,5.486979E-07,8.543229E-08
-8.71787,41.80000,0.00000,4.522036E-01,4.392015E-01,4.160058E-01,3.804758E-01,3.331944E-01,2.779789E-01,2.207506E-01,1.672662E-01,1.212326E-01,8.395322E-02,5.519918E-02,3.414087E-02,1.969659E-02,1.054121E-02,5.218870E-03,2.346648E-03,1.023753E-03,4.179300E-04,1.671163E-04,6.434154E-05,2.510514E-05,9.228788E-06,2.869417E-06,5.655156E-07,8.919214E-08
-8.71787,41.90000,0.00000,4.428047E-01,4.297649E-01,4.066163E-01,3.713428E-01,3.246546E-01,2.704149E-01,2.144532E-01,1.623346E-01,1.175790E-01,8.138097E-02,5.347859E-02,3.304704E-02,1.903065E-02,1.014902E-02,4.997499E-03,2.276852E-03,9.792567E-04,4.017986E-04,1.604455E-04,6.388113E-05,2.469729E-05,9.114597E-06,2.898228E-06,5.742127E-07,9.121032E-08
-8.71787,42.00000,0.00000,4.350999E-01,4.219523E-01,3.987481E-01,3.635985E-01,3.173476E-01,2.639144E-01,2.090444E-01,1.581173E-01,1.144708E-01,7.919817E-02,5.201359E-02,3.210728E-02,1.845288E-02,9.808441E-03,4.808672E-03,2.182721E-03,9.415723E-04,3.940944E-04,1.566021E-04,6.343473E-05,2.463816E-05,9.109000E-06,2.891216E-06,5.718629E-07,9.063471E-08
-8.71787,42.10000,0.00000,4.062769E-01,3.942311E-01,3.728294E-01,3.402622E-01,2.972893E-01,2.475493E-01,1.963900E-01,1.488238E-01,1.079809E-01,7.490873E-02,4.935664E-02,3.057729E-02,1.763052E-02,9.389517E-03,4.605331E-03,2.091270E-03,9.073276E-04,3.819897E-04,1.549276E-04,6.271999E-05,2.456266E-05,9.096786E-06,2.850946E-06,5.592030E-07,8.764873E-08
-8.71787,42.20000,0.00000,3.999361E-01,3.877166E-01,3.661536E-01,3.335648E-01,2.908536E-01,2.417311E-01,1.914832E-01,1.449557E-01,1.051064E-01,7.287943E-02,4.799335E-02,2.970669E-02,1.710137E-02,9.083713E-03,4.440105E-03,2.010496E-03,8.738636E-04,3.682796E-04,1.522106E-04,6.076219E-05,2.379839E-05,8.779787E-06,2.795105E-06,5.418264E-07,8.358450E-08
-8.61787,36.90000,0.00000,9.003252E-01,8.785341E-01,8.446203E-01,7.953034E-01,7.288030E-01,6.462034E-01,5.517524E-01,4.518557E-01,3.536180E-01,2.635977E-01,1.867919E-01,1.257703E-01,8.046117E-02,4.882887E-02,2.797865E-02,1.502763E-02,7.504238E-03,3.455998E-03,1.455424E-03,5.543177E-04,1.879052E-04,5.546563E-05,1.388575E-05,2.867826E-06,4.755878E-07
-8.61787,37.00000,0.00000,9.277530E-01,9.221012E-01,9.106158E-01,8.894527E-01,8.535880E-01,7.978734E-01,7.196710E-01,6.216814E-01,5.118916E-01,4.002374E-01,2.954610E-01,2.043225E-01,1.314781E-01,7.857064E-02,4.371248E-02,2.268427E-02,1.093420E-02,4.840591E-03,1.940107E-03,6.945342E-04,2.191863E-04,5.999129E-05,1.393032E-05,2.673394E-06,4.122923E-07
-8.61787,37.10000,0.00000,9.288321E-01,9.232178E-01,9.117977E-01,8.907170E-01,8.548992E-01,7.990834E-01,7.205042E-01,6.218447E-01,5.112706E-01,3.989811E-01,2.938772E-01,2.027139E-01,1.300535E-01,7.744242E-02,4.291487E-02,2.218671E-02,1.066387E-02,4.713955E-03,1.889438E-03,6.774205E-04,2.144092E-04,5.894032E-05,1.376824E-05,2.662774E-06,4.146438E-07
-8.61787,37.20000,0.00000,9.289534E-01,9.233562E-01,9.119617E-01,8.909095E-01,8.550990E-01,7.992088E-01,7.203919E-01,6.212932E-01,5.101648E-01,3.973772E-01,2.919733E-01,2.007492E-01,1.282319E-01,7.590534E-02,4.173358E-02,2.136363E-02,1.014759E-02,4.425765E-03,1.748953E-03,6.190437E-04,1.942509E-04,5.328174E-05,1.249976E-05,2.438861E-06,3.839176E-07
-8.61787,37.30000,0.00000,9.277111E-01,9.220899E-01,9.106362E-01,8.894664E-01,8.534527E-01,7.972385E-01,7.179540E-01,6.182842E-01,5.066350E-01,3.935678E-01,2.882231E-01,1.973434E-01,1.253394E-01,7.359332E-02,4.000657E-02,2.017337E-02,9.398671E-03,3.998497E-03,1.529523E-03,5.189557E-04,1.545574E-04,3.996005E-05,8.820773E-06,1.623621E-06,2.419914E-07
-8.61787,37.40000,0.00000,9.300070E-01,9.243872E-01,9.129635E-01,8.918571E-01,8.559059E-01,7.996559E-01,7.200902E-01,6.197945E-01,5.072283E-01,3.931715E-01,2.870045E-01,1.956261E-01,1.234856E-01,7.190625E-02,3.867307E-02,1.925356E-02,8.848741E-03,3.716725E-03,1.407338E-03,4.746144E-04,1.411927E-04,3.661634E-05,8.121282E-06,1.499808E-06,2.234422E-07
-8.61787,37.50000,0.00000,9.317147E-01,9.260753E-01,9.146379E-01,8.935260E-01,8.575564E-01,8.012171E-01,7.214042E-01,6.206258E-01,5.073543E-01,3.925166E-01,2.857095E-01,1.939884E-01,1.218267E-01,7.046327E-02,3.756968E-02,1.851623E-02,8.429849E-03,3.522699E-03,1.338706E-03,4.587274E-04,1.404845E-04,3.786967E-05,8.761686E-06,1.685135E-06,2.605774E-07
-8.61787,37.60000,0.00000,9.309341E-01,9.252398E-01,9.137058E-01,8.924475E-01,8.562880E-01,7.997333E-01,7.196938E-01,6.186702E-01,5.051301E-01,3.900654E-01,2.831699E-01,1.915528E-01,1.196657E-01,6.868227E-02,3.621405E-02,1.758035E-02,7.855795E-03,3.214661E-03,1.195215E-03,4.009494E-04,1.205033E-04,3.201270E-05,7.336414E-06,1.404463E-06,2.170732E-07
-8.61787,37.70000,0.00000,9.307050E-01,9.249424E-01,9.132973E-01,8.918847E-01,8.555486E-01,7.988451E-01,7.187320E-01,6.176828E-01,5.040635E-01,3.887977E-01,2.816380E-01,1.898313E-01,1.179246E-01,6.709700E-02,3.490889E-02,1.661020E-02,7.208631E-03,2.829439E-03,9.919463E-04,3.069997E-04,8.321811E-05,1.962630E-05,3.980849E-06,6.801757E-07,9.489178E-08
-8.61787,37.80000,0.00000,9.315473E-01,9.257196E-01,9.139840E-01,8.924667E-01,8.560432E-01,7.993305E-01,7.193324E-01,6.184637E-01,5.049039E-01,3.894189E-01,2.818027E-01,1.895069E-01,1.172670E-01,6.632303E-02,3.418927E-02,1.603946E-02,6.814862E-03,2.593977E-03,8.715616E-04,2.552659E-04,6.487260E-05,1.435529E-05,2.775635E-06,4.645555E-07,6.529432E-08
-8.61787,37.90000,0.00000,9.338517E-01,9.279618E-01,9.161549E-01,8.945742E-01,8.581299E-01,8.015072E-01,7.217740E-01,6.212752E-01,5.079309E-01,3.922399E-01,2.839893E-01,1.908945E-01,1.179780E-01,6.659628E-02,3.419238E-02,1.571961E-02,6.741583E-03,2.539337E-03,8.423867E-04,2.435901E-04,6.133100E-05,1.353790E-05,2.630947E-06,4.446186E-07,6.310940E-08
-8.61787,38.00000,0.00000,9.318191E-01,9.257762E-01,9.137033E-01,8.917369E-01,8.548608E-01,7.979562E-01,7.183492E-01,6.184995E-01,5.061443E-01,3.914322E-01,2.839055E-01,1.912239E-01,1.184688E-01,6.664422E-02,3.269429E-02,1.502036E-02,6.572329E-03,2.614550E-03,8.746391E-04,2.549551E-04,6.450410E-05,1.421027E-05,2.731298E-06,4.528339E-07,6.269991E-08
-8.61787,38.10000,0.00000,9.299697E-01,9.237826E-01,9.114640E-01,8.891554E-01,8.519350E-01,7.949084E-01,7.156858E-01,6.168331E-01,5.058416E-01,3.924156E-01,2.857677E-01,1.934684E-01,1.201788E-01,6.396981E-02,3.132760E-02,1.441566E-02,6.337898E-03,2.679376E-03,1.018351E-03,3.122458E-04,8.350062E-05,1.933332E-05,3.833775E-06,6.388458E-07,8.673283E-08
-8.61787,38.20000,0.00000,9.302989E-01,9.239865E-01,9.114736E-01,8.889157E-01,8.514698E-01,7.944321E-01,7.156488E-01,6.177506E-01,5.079523E-01,3.955137E-01,2.893593E-01,1.970545E-01,1.154140E-01,6.120929E-02,2.994357E-02,1.381327E-02,6.116764E-03,2.603539E-03,1.067849E-03,4.050550E-04,1.169559E-04,2.930551E-05,6.235171E-06,1.097326E-06,1.549751E-07
-8.61787,38.30000,0.00000,9.267405E-01,9.202086E-01,9.073091E-01,8.841885E-01,8.461186E-01,7.886977E-01,7.101770E-01,6.133817E-01,5.052655E-01,3.945215E-01,2.896205E-01,1.922166E-01,1.119392E-01,5.925787E-02,2.901632E-02,1.390830E-02,6.297262E-03,2.625311E-03,1.057941E-03,4.193524E-04,1.354412E-04,3.536085E-05,7.932241E-06,1.491243E-06,2.282407E-07
-8.61787,38.40000,0.00000,9.276619E-01,9.209909E-01,9.078749E-01,8.844593E-01,8.460776E-01,7.885073E-01,7.102508E-01,6.142334E-01,5.071470E-01,3.972034E-01,2.911513E-01,1.867647E-01,1.085470E-01,5.746844E-02,2.865676E-02,1.398851E-02,6.291669E-03,2.661259E-03,1.052886E-03,4.184559E-04,1.314817E-04,3.303864E-05,7.143831E-06,1.305655E-06,1.966259E-07
-8.61787,38.50000,0.00000,9.229686E-01,9.160494E-01,9.024994E-01,8.784676E-01,8.394333E-01,7.815111E-01,7.036076E-01,6.088069E-01,5.035226E-01,3.954478E-01,2.835434E-01,1.812802E-01,1.051618E-01,5.570649E-02,2.924751E-02,1.438427E-02,6.617674E-03,2.790795E-03,1.076848E-03,4.178628E-04,1.445186E-04,3.634920E-05,7.806527E-06,1.407850E-06,2.085435E-07
-8.61787,38.60000,0.00000,9.204828E-01,9.133467E-01,8.994282E-01,8.748768E-01,8.352736E-01,7.769875E-01,6.992318E-01,6.052129E-01,5.011319E-01,3.873310E-01,2.699611E-01,1.722061E-01,9.993321E-02,5.491467E-02,2.949600E-02,1.467216E-02,6.646519E-03,2.894616E-03,1.191195E-03,4.403239E-04,1.587571E-04,5.372691E-05,1.271082E-05,2.507169E-06,4.013213E-07
-8.61787,38.70000,0.00000,9.134032E-01,9.059621E-01,8.915021E-01,8.661647E-01,8.256786E-01,7.667500E-01,6.890042E-01,5.958565E-01,4.933762E-01,3.743533E-01,2.594714E-01,1.647071E-01,9.522483E-02,5.351537E-02,2.933942E-02,1.416414E-02,6.564298E-03,2.943549E-03,1.224119E-03,4.502698E-04,1.524480E-04,5.393244E-05,1.328104E-05,2.570197E-06,4.011629E-07
-8.61787,38.80000,0.00000,9.110575E-01,9.034065E-01,8.885902E-01,8.627409E-01,8.216563E-01,7.622314E-01,6.843328E-01,5.915118E-01,4.850173E-01,3.606777E-01,2.487752E-01,1.573759E-01,9.090957E-02,5.291970E-02,2.856262E-02,1.385564E-02,6.652766E-03,3.093299E-03,1.264023E-03,4.600496E-04,1.672282E-04,5.561442E-05,1.291061E-05,2.473674E-06,3.807251E-07
-8.61787,38.90000,0.00000,9.089006E-01,9.010313E-01,8.858471E-01,8.594628E-01,8.177243E-01,7.576765E-01,6.794000E-01,5.866153E-01,4.708382E-01,3.483803E-01,2.392418E-01,1.508784E-01,9.008060E-02,5.249421E-02,2.751375E-02,1.360121E-02,6.767294E-03,3.176564E-03,1.290543E-03,5.045257E-04,2.035428E-04,5.562851E-05,1.287151E-05,2.453695E-06,3.748394E-07
-8.61787,39.00000,0.00000,8.980140E-01,8.898115E-01,8.740288E-01,8.467764E-01,8.040500E-01,7.431987E-01,6.646479E-01,5.723634E-01,4.502283E-01,3.317494E-01,2.271828E-01,1.430785E-01,8.611675E-02,5.022685E-02,2.633529E-02,1.319311E-02,6.709957E-03,3.182954E-03,1.312000E-03,4.781447E-04,1.968379E-04,6.006583E-05,1.416749E-05,2.752899E-06,4.290349E-07
-8.61787,39.10000,0.00000,8.961604E-01,8.877226E-01,8.715393E-01,8.436764E-01,8.001172E-01,7.382673E-01,6.587172E-01,5.625646E-01,4.397088E-01,3.225662E-01,2.198905E-01,1.378667E-01,8.372625E-02,4.882294E-02,2.507282E-02,1.264905E-02,6.486586E-03,3.169821E-03,1.324772E-03,4.905466E-04,2.106235E-04,6.391373E-05,1.531945E-05,3.030633E-06,4.825292E-07
-8.61787,39.20000,0.00000,8.911375E-01,8.824385E-01,8.657955E-01,8.372273E-01,7.927251E-01,7.297789E-01,6.491578E-01,5.402235E-01,4.196861E-01,3.063209E-01,2.080490E-01,1.301855E-01,7.971790E-02,4.561106E-02,2.362259E-02,1.197772E-02,6.157088E-03,3.030928E-03,1.280544E-03,4.801286E-04,2.156303E-04,6.452494E-05,1.569030E-05,3.159537E-06,5.145725E-07
-8.61787,39.30000,0.00000,8.888752E-01,8.799512E-01,8.629135E-01,8.337197E-01,7.883146E-01,7.241932E-01,6.399215E-01,5.236621E-01,4.050902E-01,2.945679E-01,1.994195E-01,1.244521E-01,7.570791E-02,4.371233E-02,2.267189E-02,1.151174E-02,5.911480E-03,2.788946E-03,1.181276E-03,4.457246E-04,1.957531E-04,6.202424E-05,1.539310E-05,3.170372E-06,5.290944E-07
-8.61787,39.40000,0.00000,8.807784E-01,8.715715E-01,8.540224E-01,8.240407E-01,7.775875E-01,7.089218E-01,6.064739E-01,4.923495E-01,3.781889E-01,2.733641E-01,1.841426E-01,1.144269E-01,6.963691E-02,3.959646E-02,2.093252E-02,1.064976E-02,5.174423E-03,2.306416E-03,9.606329E-04,3.585370E-04,1.499127E-04,5.089207E-05,1.295671E-05,2.755781E-06,4.759143E-07
-8.61787,39.50000,0.00000,8.769947E-01,8.675221E-01,8.494973E-01,8.187486E-01,7.711757E-01,6.962674E-01,5.931375E-01,4.794509E-01,3.667080E-01,2.639412E-01,1.770682E-01,1.096366E-01,6.455074E-02,3.542486E-02,1.847873E-02,8.965776E-03,4.166287E-03,1.757385E-03,7.411145E-04,3.126695E-04,1.032102E-04,2.792887E-05,6.464806E-06,1.245249E-06,1.941179E-07
-8.61787,39.60000,0.00000,8.767475E-01,8.670347E-01,8.485864E-01,8.171378E-01,7.579482E-01,6.730108E-01,5.690751E-01,4.564318E-01,3.464025E-01,2.474840E-01,1.649233E-01,1.014581E-01,5.907178E-02,3.213229E-02,1.636226E-02,7.857270E-03,3.563420E-03,1.433872E-03,6.139898E-04,2.504523E-04,8.050221E-05,2.201109E-05,5.179213E-06,1.014062E-06,1.600405E-07
-8.61787,39.70000,0.00000,8.683509E-01,8.568454E-01,8.321584E-01,7.905449E-01,7.274720E-01,6.421871E-01,5.400598E-01,4.312672E-01,3.263179E-01,2.327431E-01,1.549887E-01,9.534344E-02,5.460827E-02,2.959497E-02,1.487315E-02,7.026586E-03,3.028222E-03,1.318433E-03,5.593724E-04,2.262975E-04,7.232599E-05,2.036073E-05,4.897901E-06,9.721308E-07,1.544636E-07
-8.61787,39.80000,0.00000,8.486615E-01,8.345668E-01,8.083142E-01,7.646984E-01,6.997667E-01,6.136404E-01,5.124031E-01,4.063326E-01,3.054908E-01,2.166951E-01,1.436782E-01,8.815543E-02,4.997070E-02,2.691115E-02,1.332647E-02,6.090686E-03,2.741564E-03,1.214730E-03,5.212104E-04,2.027959E-04,6.628296E-05,1.918801E-05,4.731455E-06,9.601226E-07,1.558281E-07
-8.61787,39.90000,0.00000,8.486516E-01,8.340744E-01,8.070771E-01,7.624449E-01,6.963267E-01,6.091031E-01,5.071618E-01,4.009407E-01,3.004342E-01,2.123075E-01,1.401537E-01,8.555168E-02,4.806360E-02,2.498902E-02,1.220933E-02,5.714274E-03,2.598242E-03,1.152792E-03,4.764711E-04,1.647520E-04,5.205057E-05,1.452887E-05,3.460724E-06,6.820237E-07,1.082336E-07
-8.61787,40.00000,0.00000,7.910482E-01,7.756907E-01,7.475674E-01,7.020584E-01,6.364897E-01,5.524551E-01,4.567133E-01,3.589590E-01,2.678921E-01,1.889703E-01,1.248421E-01,7.682230E-02,4.421179E-02,2.327717E-02,1.120564E-02,5.175537E-03,2.340481E-03,1.027112E-03,4.154626E-04,1.413219E-04,4.404007E-05,1.221667E-05,2.925190E-06,5.869839E-07,9.600367E-08
-8.61787,40.10000,0.00000,7.740849E-01,7.582163E-01,7.293354E-01,6.829756E-01,6.168302E-01,5.329560E-01,4.384052E-01,3.428237E-01,2.545855E-01,1.787369E-01,1.175447E-01,7.202655E-02,4.111550E-02,2.142094E-02,1.018482E-02,4.719549E-03,2.125689E-03,9.344158E-04,3.794014E-04,1.314089E-04,4.183481E-05,1.185621E-05,2.896678E-06,5.923952E-07,9.873778E-08
-8.61787,40.20000,0.00000,7.488686E-01,7.326173E-01,7.032138E-01,6.564179E-01,5.903715E-01,5.076153E-01,4.154147E-01,3.232215E-01,2.389660E-01,1.672042E-01,1.097553E-01,6.689203E-02,3.762227E-02,1.958435E-02,9.558680E-03,4.457989E-03,2.020373E-03,8.958686E-04,3.511637E-04,1.245704E-04,4.049675E-05,1.164484E-05,2.868330E-06,5.886160E-07,9.817656E-08
-8.61787,40.30000,0.00000,7.243617E-01,7.079558E-01,6.784053E-01,6.316951E-01,5.663370E-01,4.851983E-01,3.955903E-01,3.066903E-01,2.260080E-01,1.577103E-01,1.033172E-01,6.363622E-02,3.596756E-02,1.850841E-02,9.016532E-03,4.226151E-03,1.930209E-03,8.644775E-04,3.428674E-04,1.224900E-04,3.993719E-05,1.146585E-05,2.807256E-06,5.701523E-07,9.372695E-08
-8.61787,40.40000,0.00000,6.692190E-01,6.538506E-01,6.260672E-01,5.822594E-01,5.213847E-01,4.464682E-01,3.644178E-01,2.835792E-01,2.106029E-01,1.490014E-01,9.820379E-02,5.971305E-02,3.395355E-02,1.780136E-02,8.331894E-03,3.943706E-03,1.817827E-03,8.207101E-04,3.360837E-04,1.204321E-04,3.921227E-05,1.118766E-05,2.707505E-06,5.403961E-07,8.675575E-08
-8.61787,40.50000,0.00000,6.532611E-01,6.377259E-01,6.097270E-01,5.657609E-01,5.049833E-01,4.306381E-01,3.497424E-01,2.705834E-01,1.996331E-01,1.402119E-01,9.322748E-02,5.698337E-02,3.161278E-02,1.655599E-02,7.846253E-03,3.553072E-03,1.614255E-03,7.167047E-04,3.086957E-04,1.177442E-04,3.853256E-05,1.099262E-05,2.644549E-06,5.215186E-07,8.220788E-08
-8.61787,40.60000,0.00000,6.379578E-01,6.223820E-01,5.943816E-01,5.505706E-01,4.902891E-01,4.169434E-01,3.375894E-01,2.603747E-01,1.915359E-01,1.341655E-01,8.899787E-02,5.417288E-02,2.996504E-02,1.560610E-02,7.476780E-03,3.306436E-03,1.494486E-03,6.613185E-04,2.846525E-04,1.171062E-04,3.839831E-05,1.094941E-05,2.627693E-06,5.159025E-07,8.079241E-08
-8.61787,40.70000,0.00000,6.156267E-01,6.003091E-01,5.727845E-01,5.298049E-01,4.708751E-01,3.994887E-01,3.226200E-01,2.481812E-01,1.821305E-01,1.273369E-01,8.437336E-02,5.147665E-02,2.854567E-02,1.495217E-02,7.179273E-03,3.130678E-03,1.414681E-03,6.308947E-04,2.747181E-04,1.149741E-04,3.850418E-05,1.101285E-05,2.654471E-06,5.245431E-07,8.290611E-08
-8.61787,40.80000,0.00000,5.634522E-01,5.498521E-01,5.250438E-01,4.859306E-01,4.320225E-01,3.665723E-01,2.960477E-01,2.277810E-01,1.672925E-01,1.172094E-01,7.797147E-02,4.895654E-02,2.791213E-02,1.415054E-02,6.957935E-03,3.065452E-03,1.338705E-03,6.018007E-04,2.649880E-04,1.123278E-04,3.877132E-05,1.114229E-05,2.707380E-06,5.417517E-07,8.717927E-08
-8.61787,40.90000,0.00000,5.482759E-01,5.348714E-01,5.104008E-01,4.718421E-01,4.188057E-01,3.546156E-01,2.857134E-01,2.192933E-01,1.606862E-01,1.123529E-01,7.461358E-02,4.677591E-02,2.700720E-02,1.365313E-02,6.610026E-03,3.001902E-03,1.253248E-03,5.463355E-04,2.369981E-04,9.887517E-05,3.880557E-05,1.127261E-05,2.763066E-06,5.602170E-07,9.179163E-08
-8.61787,41.00000,0.00000,5.430005E-01,5.293371E-01,5.045185E-01,4.656089E-01,4.123660E-01,3.482694E-01,2.798325E-01,2.141888E-01,1.565187E-01,1.091338E-01,7.225589E-02,4.514038E-02,2.603602E-02,1.315266E-02,6.412869E-03,2.923690E-03,1.229874E-03,5.133100E-04,2.241286E-04,9.488684E-05,3.804548E-05,1.130088E-05,2.780818E-06,5.676318E-07,9.388702E-08
-8.61787,41.10000,0.00000,5.388542E-01,5.249305E-01,4.997680E-01,4.605160E-01,4.070700E-01,3.430469E-01,2.750117E-01,2.100306E-01,1.531438E-01,1.065327E-01,7.034425E-02,4.380260E-02,2.529451E-02,1.283467E-02,6.133624E-03,2.840779E-03,1.215767E-03,4.954476E-04,2.164101E-04,9.302550E-05,3.823667E-05,1.140149E-05,2.785322E-06,5.636387E-07,9.237455E-08
-8.61787,41.20000,0.00000,5.281394E-01,5.142454E-01,4.891968E-01,4.502354E-01,3.973656E-01,3.342673E-01,2.674685E-01,2.038954E-01,1.484198E-01,1.030878E-01,6.796608E-02,4.224497E-02,2.467263E-02,1.264282E-02,5.905249E-03,2.714414E-03,1.214042E-03,4.979643E-04,2.045441E-04,8.715770E-05,3.522780E-05,1.205336E-05,2.908077E-06,5.715796E-07,8.927504E-08
-8.61787,41.30000,0.00000,4.984720E-01,4.855559E-01,4.620755E-01,4.253582E-01,3.754007E-01,3.157317E-01,2.525833E-01,1.925360E-01,1.401957E-01,9.746789E-02,6.436864E-02,4.009195E-02,2.344765E-02,1.227361E-02,5.805505E-03,2.590429E-03,1.146217E-03,4.850495E-04,1.880472E-04,7.482192E-05,2.921929E-05,1.055068E-05,2.758422E-06,5.341449E-07,8.221463E-08
-8.61787,41.40000,0.00000,4.945936E-01,4.813966E-01,4.575562E-01,4.205025E-01,3.703856E-01,3.108658E-01,2.481993E-01,1.888648E-01,1.373057E-01,9.529980E-02,6.280407E-02,3.900134E-02,2.270863E-02,1.200187E-02,5.723705E-03,2.531558E-03,1.087650E-03,4.624795E-04,1.838209E-04,7.016130E-05,2.756210E-05,1.005858E-05,2.684004E-06,5.150180E-07,7.829630E-08
-8.61787,41.50000,0.00000,4.886997E-01,4.752916E-01,4.512100E-01,4.139954E-01,3.639497E-01,3.048461E-01,2.429349E-01,1.845609E-01,1.339930E-01,9.287884E-02,6.111801E-02,3.788005E-02,2.198957E-02,1.171052E-02,5.627904E-03,2.500572E-03,1.068407E-03,4.397761E-04,1.802421E-04,6.874112E-05,2.721676E-05,9.993716E-06,2.662456E-06,5.085990E-07,7.683792E-08
-8.61787,41.60000,0.00000,4.811174E-01,4.675887E-01,4.434140E-01,4.062503E-01,3.565333E-01,2.981116E-01,2.371882E-01,1.799559E-01,1.305105E-01,9.038214E-02,5.941829E-02,3.677678E-02,2.129653E-02,1.151127E-02,5.555844E-03,2.488549E-03,1.066449E-03,4.398297E-04,1.743015E-04,6.827858E-05,2.708928E-05,9.979713E-06,2.680387E-06,5.133261E-07,7.785309E-08
-8.61787,41.70000,0.00000,4.556133E-01,4.429234E-01,4.201323E-01,3.849910E-01,3.379209E-01,2.826022E-01,2.249285E-01,1.707598E-01,1.239626E-01,8.597436E-02,5.663556E-02,3.513561E-02,2.038024E-02,1.101028E-02,5.308718E-03,2.482271E-03,1.069784E-03,4.429834E-04,1.735699E-04,6.741969E-05,2.688510E-05,9.939542E-06,2.759713E-06,5.337888E-07,8.203234E-08
-8.61787,41.80000,0.00000,4.486778E-01,4.358252E-01,4.128820E-01,3.777201E-01,3.309082E-01,2.762111E-01,2.194783E-01,1.664091E-01,1.206924E-01,8.364569E-02,5.505991E-02,3.411686E-02,1.974067E-02,1.061304E-02,5.286353E-03,2.389153E-03,1.051029E-03,4.295697E-04,1.709719E-04,6.504063E-05,2.521263E-05,9.250705E-06,2.827791E-06,5.523846E-07,8.603213E-08
-8.61787,41.90000,0.00000,4.430047E-01,4.299441E-01,4.067815E-01,3.715156E-01,3.248650E-01,2.706843E-01,2.147753E-01,1.626740E-01,1.178906E-01,8.163525E-02,5.367126E-02,3.319309E-02,1.914802E-02,1.024574E-02,5.071362E-03,2.313327E-03,9.963093E-04,4.079539E-04,1.637858E-04,6.367234E-05,2.480591E-05,9.136702E-06,2.864089E-06,5.632483E-07,8.852986E-08
-8.61787,42.00000,0.00000,4.352539E-01,4.220914E-01,3.988822E-01,3.637518E-01,3.175500E-01,2.641814E-01,2.093641E-01,1.584497E-01,1.147713E-01,7.943983E-02,5.219505E-02,3.224438E-02,1.856268E-02,9.898009E-03,4.875980E-03,2.225493E-03,9.621839E-04,3.998743E-04,1.594923E-04,6.374998E-05,2.474632E-05,9.131104E-06,2.868334E-06,5.645056E-07,8.883230E-08
-8.61787,42.10000,0.00000,4.075054E-01,3.953844E-01,3.738864E-01,3.412176E-01,2.981527E-01,2.483306E-01,1.970843E-01,1.494108E-01,1.084409E-01,7.524069E-02,4.958320E-02,3.073337E-02,1.774588E-02,9.478442E-03,4.669700E-03,2.131113E-03,9.263915E-04,3.901977E-04,1.559603E-04,6.340017E-05,2.467025E-05,9.118776E-06,2.840747E-06,5.559520E-07,8.685574E-08
-8.61787,42.20000,0.00000,3.987971E-01,3.866355E-01,3.651792E-01,3.327562E-01,2.902612E-01,2.413727E-01,1.913306E-01,1.449458E-01,1.051720E-01,7.297295E-02,4.809215E-02,2.980377E-02,1.719302E-02,9.163138E-03,4.499549E-03,2.047225E-03,8.914400E-04,3.757538E-04,1.546042E-04,6.137973E-05,2.390373E-05,8.801242E-06,2.795994E-06,5.421048E-07,8.364565E-08
-8.51787,36.90000,0.00000,8.967390E-01,8.746823E-01,8.403625E-01,7.905633E-01,7.236492E-01,6.408935E-01,5.466840E-01,4.474137E-01,3.500508E-01,2.609746E-01,1.850436E-01,1.247462E-01,7.997200E-02,4.868531E-02,2.802409E-02,1.515330E-02,7.644902E-03,3.576623E-03,1.541069E-03,6.047203E-04,2.121370E-04,6.484180E-05,1.677171E-05,3.568380E-06,6.087833E-07
-8.51787,37.00000,0.00000,9.217959E-01,9.160101E-01,9.042253E-01,8.825339E-01,8.459209E-01,7.893827E-01,7.105685E-01,6.125063E-01,5.033699E-01,3.930432E-01,2.900018E-01,2.006363E-01,1.292772E-01,7.740881E-02,4.316960E-02,2.246214E-02,1.085937E-02,4.824311E-03,1.941824E-03,6.986689E-04,2.217634E-04,6.109432E-05,1.429814E-05,2.771861E-06,4.332868E-07
-8.51787,37.10000,0.00000,9.250221E-01,9.192817E-01,9.075983E-01,8.860622E-01,8.495907E-01,7.930199E-01,7.138127E-01,6.149247E-01,5.046945E-01,3.932922E-01,2.894194E-01,1.995644E-01,1.280512E-01,7.629319E-02,4.231459E-02,2.189919E-02,1.053770E-02,4.664239E-03,1.872691E-03,6.731473E-04,2.139285E-04,5.918008E-05,1.395278E-05,2.733527E-06,4.330789E-07
-8.51787,37.20000,0.00000,9.256470E-01,9.199306E-01,9.082907E-01,8.868117E-01,8.503806E-01,7.937549E-01,7.142878E-01,6.148830E-01,5.039713E-01,3.919199E-01,2.876028E-01,1.975740E-01,1.261383E-01,7.464643E-02,4.103821E-02,2.100855E-02,9.980495E-03,4.354757E-03,1.722825E-03,6.113561E-04,1.927694E-04,5.329230E-05,1.264554E-05,2.505443E-06,4.022843E-07
-8.51787,37.30000,0.00000,9.260551E-01,9.203368E-01,9.086922E-01,8.871937E-01,8.506857E-01,7.938437E-01,7.139292E-01,6.138369E-01,5.021462E-01,3.894485E-01,2.847766E-01,1.947043E-01,1.234872E-01,7.240196E-02,3.930287E-02,1.979051E-02,9.207408E-03,3.911995E-03,1.495218E-03,5.075912E-04,1.516404E-04,3.946956E-05,8.808365E-06,1.646477E-06,2.504028E-07
-8.51787,37.40000,0.00000,9.261833E-01,9.204479E-01,9.087768E-01,8.872347E-01,8.506444E-01,7.936305E-01,7.133842E-01,6.127615E-01,5.004261E-01,3.871599E-01,2.821715E-01,1.920937E-01,1.211312E-01,7.046206E-02,3.784792E-02,1.881019E-02,8.625288E-03,3.613208E-03,1.364840E-03,4.598817E-04,1.371345E-04,3.581288E-05,8.038386E-06,1.509100E-06,2.295098E-07
-8.51787,37.50000,0.00000,9.275256E-01,9.217651E-01,9.100680E-01,8.884965E-01,8.518475E-01,7.946792E-01,7.140840E-01,6.128514E-01,4.996919E-01,3.855987E-01,2.800131E-01,1.897037E-01,1.188672E-01,6.857187E-02,3.644700E-02,1.789993E-02,8.120600E-03,3.383429E-03,1.283698E-03,4.401850E-04,1.353126E-04,3.671394E-05,8.562068E-06,1.659857E-06,2.585121E-07
-8.51787,37.60000,0.00000,9.285175E-01,9.227185E-01,9.109704E-01,8.893357E-01,8.526015E-01,7.952969E-01,7.144634E-01,6.128306E-01,4.991058E-01,3.843859E-01,2.782874E-01,1.877159E-01,1.169001E-01,6.684797E-02,3.509541E-02,1.695680E-02,7.542135E-03,3.074824E-03,1.141192E-03,3.832421E-04,1.156307E-04,3.087138E-05,7.098482E-06,1.358238E-06,2.088116E-07
-8.51787,37.70000,0.00000,9.289986E-01,9.231414E-01,9.113076E-01,8.895618E-01,8.527020E-01,7.952768E-01,7.143283E-01,6.125386E-01,4.985327E-01,3.833961E-01,2.768560E-01,1.859764E-01,1.150822E-01,6.517459E-02,3.371917E-02,1.594171E-02,6.871338E-03,2.678870E-03,9.336081E-04,2.878079E-04,7.796706E-05,1.844609E-05,3.762472E-06,6.461947E-07,9.034005E-08
-8.51787,37.80000,0.00000,9.291771E-01,9.232409E-01,9.112854E-01,8.893803E-01,8.523555E-01,7.948289E-01,7.139086E-01,6.122393E-01,4.982855E-01,3.829988E-01,2.761510E-01,1.849832E-01,1.139611E-01,6.410648E-02,3.282472E-02,1.527240E-02,6.425790E-03,2.418987E-03,8.032616E-04,2.326712E-04,5.867426E-05,1.296719E-05,2.522731E-06,4.266173E-07,6.050453E-08
-8.51787,37.90000,0.00000,9.309435E-01,9.249264E-01,9.128633E-01,8.908335E-01,8.536971E-01,7.961378E-01,7.153240E-01,6.138472E-01,4.999611E-01,3.844180E-01,2.770265E-01,1.852670E-01,1.138276E-01,6.378754E-02,3.248750E-02,1.500013E-02,6.244042E-03,2.318509E-03,7.580919E-04,2.164826E-04,5.412373E-05,1.197523E-05,2.356095E-06,4.051234E-07,5.842359E-08
-8.51787,38.00000,0.00000,9.307850E-01,9.246669E-01,9.124433E-01,8.902038E-01,8.528696E-01,7.952616E-01,7.147065E-01,6.138048E-01,5.005791E-01,3.854759E-01,2.781776E-01,1.862629E-01,1.145798E-01,6.430773E-02,3.243575E-02,1.488534E-02,6.342558E-03,2.363514E-03,7.759698E-04,2.224720E-04,5.574457E-05,1.230851E-05,2.402120E-06,4.074645E-07,5.773333E-08
-8.51787,38.10000,0.00000,9.303054E-01,9.240650E-01,9.116472E-01,8.891501E-01,8.515716E-01,7.939088E-01,7.137009E-01,6.135922E-01,5.013537E-01,3.870539E-01,2.801553E-01,1.882555E-01,1.163397E-01,6.369554E-02,3.116238E-02,1.432809E-02,6.297026E-03,2.570293E-03,8.713098E-04,2.604199E-04,6.851256E-05,1.585944E-05,3.200192E-06,5.491318E-07,7.708245E-08
-8.51787,38.20000,0.00000,9.278481E-01,9.214268E-01,9.086960E-01,8.857535E-01,8.476955E-01,7.897702E-01,7.098339E-01,6.106595E-01,4.997703E-01,3.867776E-01,2.808198E-01,1.894311E-01,1.150507E-01,6.097225E-02,2.980686E-02,1.374121E-02,6.074360E-03,2.588751E-03,9.977465E-04,3.147063E-04,8.844072E-05,2.197398E-05,4.733191E-06,8.565857E-07,1.254187E-07
-8.51787,38.30000,0.00000,9.271148E-01,9.205281E-01,9.075239E-01,8.841968E-01,8.457251E-01,7.875746E-01,7.078996E-01,6.095936E-01,4.999064E-01,3.879535E-01,2.825396E-01,1.911830E-01,1.112829E-01,5.889578E-02,2.883168E-02,1.334880E-02,5.937634E-03,2.547265E-03,1.051766E-03,3.402397E-04,9.602320E-05,2.384779E-05,5.110421E-06,9.166509E-07,1.326410E-07
-8.51787,38.40000,0.00000,9.276296E-01,9.208946E-01,9.076551E-01,8.840079E-01,8.451953E-01,7.868687E-01,7.074296E-01,6.098597E-01,5.011545E-01,3.899809E-01,2.848530E-01,1.848125E-01,1.073160E-01,5.678547E-02,2.787517E-02,1.297792E-02,5.814168E-03,2.511166E-03,1.042671E-03,3.407281E-04,9.209632E-05,2.155029E-05,4.310481E-06,7.205194E-07,9.724781E-08
-8.51787,38.50000,0.00000,9.197212E-01,9.126689E-01,8.988558E-01,8.743715E-01,8.346320E-01,7.756965E-01,6.964651E-01,6.001653E-01,4.935692E-01,3.848250E-01,2.803591E-01,1.790416E-01,1.038109E-01,5.498223E-02,2.709505E-02,1.320062E-02,5.955045E-03,2.490894E-03,1.038325E-03,3.870239E-04,1.076379E-04,2.573529E-05,5.194041E-06,8.639984E-07,1.148227E-07
-8.51787,38.60000,0.00000,9.182543E-01,9.110113E-01,8.968818E-01,8.719593E-01,8.317530E-01,7.725501E-01,6.935282E-01,5.980130E-01,4.925621E-01,3.810468E-01,2.649257E-01,1.686619E-01,9.771922E-02,5.185159E-02,2.735123E-02,1.373658E-02,6.372904E-03,2.748113E-03,1.081249E-03,4.102620E-04,1.575239E-04,5.155965E-05,1.284816E-05,2.676055E-06,4.514469E-07
-8.51787,38.70000,0.00000,9.106223E-01,9.030870E-01,8.884345E-01,8.627529E-01,8.217042E-01,7.619193E-01,6.829827E-01,5.884237E-01,4.846507E-01,3.698845E-01,2.559614E-01,1.623513E-01,9.387477E-02,5.087883E-02,2.709974E-02,1.373546E-02,6.417243E-03,2.804336E-03,1.123540E-03,4.142289E-04,1.534254E-04,5.443873E-05,1.344810E-05,2.742816E-06,4.507206E-07
-8.51787,38.80000,0.00000,9.104888E-01,9.027532E-01,8.877757E-01,8.616294E-01,8.200219E-01,7.597356E-01,6.805727E-01,5.862038E-01,4.824909E-01,3.581547E-01,2.465947E-01,1.557604E-01,8.984897E-02,5.023884E-02,2.702780E-02,1.354465E-02,6.379792E-03,2.767025E-03,1.102679E-03,4.568108E-04,1.688364E-04,4.624078E-05,1.088508E-05,2.140445E-06,3.409866E-07
-8.51787,38.90000,0.00000,9.061375E-01,8.981609E-01,8.827646E-01,8.560104E-01,8.136865E-01,7.527835E-01,6.733818E-01,5.793564E-01,4.686597E-01,3.463060E-01,2.374645E-01,1.494907E-01,8.604179E-02,4.932809E-02,2.652666E-02,1.322990E-02,6.395822E-03,2.788272E-03,1.110073E-03,4.774335E-04,1.676540E-04,4.552138E-05,1.062370E-05,2.071422E-06,3.268704E-07
-8.51787,39.00000,0.00000,8.978033E-01,8.895328E-01,8.736145E-01,8.461019E-01,8.028997E-01,7.412509E-01,6.615475E-01,5.679023E-01,4.460263E-01,3.281671E-01,2.244086E-01,1.411228E-01,8.383325E-02,4.846875E-02,2.581691E-02,1.282826E-02,6.393499E-03,2.901166E-03,1.187597E-03,4.305107E-04,1.694204E-04,5.448674E-05,1.302048E-05,2.577782E-06,4.109049E-07
-8.51787,39.10000,0.00000,8.962786E-01,8.877763E-01,8.714652E-01,8.433526E-01,7.993321E-01,7.367111E-01,6.560581E-01,5.531045E-01,4.311203E-01,3.155754E-01,2.148820E-01,1.347544E-01,8.097218E-02,4.687535E-02,2.437067E-02,1.230085E-02,6.208647E-03,2.935063E-03,1.234954E-03,4.663979E-04,1.649706E-04,6.007796E-05,1.507245E-05,3.018457E-06,4.871317E-07
-8.51787,39.20000,0.00000,8.898891E-01,8.811140E-01,8.643162E-01,8.354640E-01,7.904828E-01,7.268098E-01,6.452394E-01,5.398565E-01,4.191919E-01,3.057548E-01,2.074864E-01,1.296982E-01,7.759979E-02,4.483790E-02,2.342777E-02,1.181757E-02,5.995499E-03,2.886829E-03,1.216587E-03,4.651593E-04,1.743421E-04,6.363411E-05,1.558447E-05,3.165268E-06,5.209520E-07
-8.51787,39.30000,0.00000,8.908108E-01,8.818358E-01,8.647003E-01,8.353024E-01,7.894862E-01,7.246439E-01,6.301316E-01,5.139141E-01,3.960885E-01,2.868911E-01,1.933967E-01,1.201044E-01,7.404777E-02,4.187979E-02,2.157540E-02,1.088687E-02,5.577493E-03,2.729184E-03,1.165015E-03,4.431081E-04,1.962684E-04,6.261237E-05,1.558527E-05,3.220425E-06,5.400376E-07
-8.51787,39.40000,0.00000,8.777159E-01,8.684071E-01,8.506552E-01,8.203242E-01,7.733443E-01,7.073167E-01,6.064501E-01,4.921359E-01,3.778082E-01,2.728817E-01,1.836438E-01,1.139878E-01,6.772715E-02,3.868950E-02,2.064254E-02,1.053227E-02,5.068854E-03,2.281024E-03,9.703347E-04,3.833057E-04,1.761563E-04,5.436754E-05,1.385311E-05,2.933049E-06,5.033453E-07
-8.51787,39.50000,0.00000,8.772007E-01,8.676564E-01,8.494911E-01,8.184850E-01,7.704803E-01,6.982118E-01,5.944600E-01,4.800215E-01,3.665994E-01,2.633961E-01,1.764047E-01,1.090593E-01,6.359451E-02,3.487989E-02,1.822576E-02,8.884482E-03,4.159563E-03,1.780901E-03,7.521670E-04,3.292222E-04,1.124957E-04,3.118879E-05,7.395200E-06,1.463329E-06,2.357138E-07
-8.51787,39.60000,0.00000,8.723205E-01,8.624949E-01,8.438212E-01,8.120059E-01,7.581285E-01,6.731100E-01,5.690445E-01,4.562509E-01,3.460929E-01,2.470977E-01,1.645263E-01,1.010849E-01,5.781719E-02,3.124509E-02,1.596492E-02,7.598952E-03,3.442985E-03,1.427667E-03,6.188675E-04,2.554447E-04,8.482921E-05,2.351833E-05,5.563300E-06,1.087406E-06,1.705563E-07
-8.51787,39.70000,0.00000,8.667735E-01,8.535030E-01,8.285537E-01,7.865645E-01,7.230645E-01,6.374382E-01,5.352164E-01,4.266888E-01,3.223702E-01,2.296888E-01,1.528714E-01,9.406139E-02,5.380363E-02,2.925893E-02,1.471958E-02,6.951026E-03,3.017476E-03,1.311207E-03,5.594163E-04,2.278436E-04,7.598385E-05,2.148409E-05,5.158297E-06,1.017296E-06,1.601796E-07
-8.51787,39.80000,0.00000,8.486639E-01,8.345631E-01,8.082945E-01,7.646430E-01,6.996469E-01,6.134278E-01,5.120849E-01,4.059232E-01,3.050169E-01,2.162075E-01,1.432380E-01,8.779931E-02,4.955783E-02,2.659141E-02,1.317734E-02,6.040970E-03,2.733211E-03,1.215083E-03,5.225357E-04,2.094583E-04,6.905165E-05,2.004894E-05,4.931157E-06,9.938171E-07,1.597299E-07
-8.51787,39.90000,0.00000,8.443535E-01,8.296767E-01,8.025155E-01,7.576824E-01,6.914173E-01,6.042122E-01,5.025315E-01,3.968126E-01,2.969866E-01,2.096318E-01,1.382414E-01,8.430158E-02,4.731592E-02,2.457886E-02,1.200491E-02,5.625247E-03,2.567542E-03,1.146753E-03,4.749835E-04,1.652054E-04,5.241915E-05,1.465445E-05,3.484530E-06,6.833044E-07,1.075914E-07
-8.51787,40.00000,0.00000,7.779478E-01,7.625421E-01,7.343373E-01,6.888001E-01,6.234365E-01,5.400308E-01,4.454188E-01,3.492241E-01,2.599952E-01,1.830119E-01,1.207188E-01,7.467487E-02,4.278569E-02,2.239216E-02,1.069860E-02,4.991218E-03,2.267931E-03,1.006558E-03,3.935911E-04,1.344791E-04,4.216473E-05,1.175798E-05,2.822326E-06,5.656640E-07,9.205736E-08
-8.51787,40.10000,0.00000,7.751662E-01,7.592658E-01,7.303274E-01,6.838689E-01,6.175703E-01,5.334927E-01,4.387158E-01,3.429226E-01,2.545181E-01,1.785607E-01,1.173223E-01,7.143534E-02,4.040262E-02,2.096920E-02,1.011697E-02,4.709118E-03,2.132653E-03,9.463220E-04,3.632548E-04,1.256488E-04,4.003440E-05,1.136387E-05,2.776774E-06,5.660812E-07,9.366843E-08
-8.51787,40.20000,0.00000,7.489675E-01,7.326967E-01,7.032573E-01,6.564065E-01,5.902885E-01,5.074565E-01,4.151907E-01,3.229564E-01,2.386850E-01,1.669292E-01,1.095060E-01,6.668797E-02,3.747704E-02,1.949955E-02,9.523013E-03,4.453608E-03,2.030561E-03,8.991692E-04,3.350007E-04,1.186006E-04,3.860002E-05,1.112020E-05,2.738441E-06,5.595708E-07,9.249533E-08
-8.51787,40.30000,0.00000,7.209360E-01,7.045496E-01,6.750323E-01,6.283916E-01,5.631763E-01,4.822828E-01,3.930205E-01,3.045317E-01,2.242814E-01,1.564062E-01,1.024039E-01,6.285144E-02,3.541875E-02,1.827481E-02,8.963157E-03,4.219600E-03,1.941051E-03,8.659522E-04,3.257083E-04,1.161999E-04,3.795234E-05,1.091938E-05,2.672610E-06,5.403079E-07,8.797247E-08
-8.51787,40.40000,0.00000,6.570380E-01,6.418657E-01,6.143841E-01,5.710263E-01,5.108056E-01,4.367752E-01,3.558082E-01,2.761699E-01,2.044364E-01,1.440772E-01,9.613536E-02,5.908702E-02,3.289198E-02,1.735425E-02,8.150711E-03,3.831631E-03,1.782257E-03,8.164584E-04,3.189976E-04,1.140974E-04,3.719610E-05,1.063112E-05,2.571785E-06,5.110883E-07,8.131605E-08
-8.51787,40.50000,0.00000,6.508000E-01,6.352309E-01,6.071823E-01,5.631657E-01,5.023717E-01,4.280832E-01,3.473451E-01,2.684423E-01,1.978293E-01,1.388008E-01,9.222601E-02,5.614275E-02,3.127883E-02,1.638177E-02,7.652565E-03,3.535254E-03,1.617843E-03,7.262778E-04,3.087118E-04,1.114173E-04,3.651229E-05,1.043530E-05,2.509745E-06,4.929596E-07,7.705758E-08
-8.51787,40.60000,0.00000,6.332448E-01,6.177564E-01,5.899007E-01,5.463184E-01,4.863764E-01,4.134896E-01,3.346820E-01,2.580445E-01,1.897615E-01,1.328947E-01,8.816045E-02,5.339642E-02,2.971433E-02,1.550387E-02,7.289439E-03,3.303094E-03,1.504428E-03,6.730087E-04,2.932674E-04,1.107870E-04,3.636805E-05,1.038475E-05,2.490007E-06,4.865856E-07,7.551048E-08
-8.51787,40.70000,0.00000,6.102455E-01,5.951105E-01,5.678822E-01,5.253395E-01,4.669942E-01,3.963092E-01,3.201802E-01,2.464272E-01,1.809467E-01,1.265884E-01,8.393662E-02,5.119180E-02,2.822672E-02,1.472364E-02,7.029531E-03,3.128581E-03,1.429691E-03,6.442580E-04,2.841038E-04,1.108152E-04,3.644462E-05,1.042636E-05,2.507016E-06,4.920276E-07,7.683399E-08
-8.51787,40.80000,0.00000,5.586916E-01,5.452484E-01,5.206928E-01,4.819454E-01,4.285204E-01,3.636461E-01,2.937351E-01,2.260510E-01,1.660670E-01,1.163952E-01,7.747793E-02,4.870061E-02,2.747825E-02,1.413889E-02,6.854285E-03,2.973662E-03,1.353851E-03,6.148670E-04,2.746853E-04,1.112323E-04,3.665114E-05,1.051779E-05,2.543340E-06,5.037587E-07,7.972996E-08
-8.51787,40.90000,0.00000,5.495517E-01,5.360422E-01,5.114238E-01,4.726917E-01,4.194804E-01,3.551354E-01,2.861040E-01,2.195732E-01,1.608673E-01,1.124507E-01,7.465436E-02,4.679411E-02,2.674208E-02,1.344878E-02,6.591923E-03,2.921228E-03,1.245494E-03,5.577763E-04,2.460290E-04,1.054469E-04,3.682298E-05,1.060348E-05,2.580482E-06,5.162067E-07,8.282431E-08
-8.51787,41.00000,0.00000,5.427432E-01,5.290571E-01,5.042182E-01,4.653054E-01,4.120928E-01,3.480612E-01,2.797059E-01,2.141314E-01,1.565010E-01,1.091280E-01,7.225218E-02,4.514621E-02,2.558571E-02,1.284596E-02,6.264272E-03,2.828004E-03,1.178329E-03,5.223860E-04,2.307029E-04,9.982971E-05,3.640499E-05,1.045680E-05,2.546035E-06,5.113035E-07,8.260539E-08
-8.51787,41.10000,0.00000,5.366394E-01,5.227773E-01,4.977261E-01,4.586530E-01,4.054601E-01,3.417479E-01,2.740374E-01,2.093457E-01,1.526856E-01,1.062398E-01,7.017262E-02,4.372470E-02,2.511223E-02,1.266374E-02,6.143056E-03,2.789097E-03,1.161577E-03,4.986402E-04,2.202388E-04,9.481089E-05,3.450989E-05,9.518896E-06,2.195926E-06,4.123815E-07,6.148804E-08
-8.51787,41.20000,0.00000,5.250502E-01,5.112548E-01,4.863773E-01,4.476790E-01,3.951688E-01,3.325013E-01,2.661476E-01,2.029739E-01,1.478166E-01,1.027199E-01,6.776676E-02,4.216520E-02,2.467685E-02,1.249395E-02,5.892733E-03,2.734625E-03,1.167866E-03,4.722853E-04,2.074710E-04,8.820086E-05,3.546129E-05,1.079076E-05,2.576616E-06,5.035549E-07,7.854120E-08
-8.51787,41.30000,0.00000,4.955585E-01,4.827448E-01,4.594412E-01,4.229915E-01,3.733909E-01,3.141352E-01,2.513981E-01,1.917060E-01,1.396400E-01,9.711394E-02,6.416446E-02,4.000111E-02,2.344158E-02,1.230670E-02,5.737273E-03,2.623113E-03,1.166614E-03,4.730373E-04,1.845195E-04,7.598793E-05,2.965707E-05,1.069524E-05,2.714136E-06,5.281142E-07,8.171505E-08
-8.51787,41.40000,0.00000,4.945076E-01,4.812758E-01,4.574022E-01,4.203354E-01,3.702427E-01,3.107836E-01,2.481910E-01,1.889137E-01,1.373791E-01,9.537046E-02,6.286343E-02,3.905686E-02,2.277328E-02,1.187732E-02,5.648237E-03,2.494938E-03,1.100134E-03,4.688221E-04,1.809807E-04,7.091632E-05,2.779094E-05,1.011734E-05,2.687620E-06,5.180059E-07,7.916321E-08
-8.51787,41.50000,0.00000,4.866166E-01,4.732703E-01,4.493044E-01,4.122803E-01,3.625024E-01,3.037175E-01,2.421265E-01,1.840250E-01,1.336600E-01,9.268752E-02,6.102610E-02,3.786052E-02,2.202262E-02,1.165891E-02,5.584706E-03,2.475327E-03,1.058574E-03,4.507015E-04,1.801534E-04,6.920148E-05,2.732422E-05,1.001314E-05,2.676556E-06,5.142167E-07,7.825613E-08
-8.51787,41.60000,0.00000,4.798020E-01,4.662970E-01,4.421810E-01,4.051313E-01,3.555930E-01,2.973974E-01,2.367078E-01,1.796709E-01,1.303618E-01,9.031840E-02,5.940753E-02,3.680388E-02,2.135290E-02,1.151497E-02,5.546391E-03,2.467772E-03,1.055942E-03,4.353733E-04,1.780063E-04,6.839933E-05,2.716783E-05,9.992796E-06,2.705808E-06,5.222834E-07,8.004171E-08
-8.51787,41.70000,0.00000,4.521022E-01,4.395512E-01,4.169981E-01,3.822095E-01,3.355961E-01,2.807892E-01,2.236106E-01,1.698597E-01,1.233822E-01,8.562804E-02,5.645874E-02,3.507772E-02,2.039848E-02,1.106761E-02,5.360762E-03,2.465230E-03,1.061359E-03,4.396419E-04,1.725834E-04,6.773115E-05,2.695249E-05,9.950770E-06,2.803114E-06,5.481908E-07,8.552653E-08
-8.51787,41.80000,0.00000,4.487142E-01,4.358397E-01,4.128826E-01,3.777332E-01,3.309689E-01,2.763442E-01,2.196776E-01,1.666380E-01,1.209066E-01,8.381703E-02,5.518579E-02,3.421231E-02,1.982320E-02,1.069009E-02,5.230139E-03,2.429956E-03,1.067195E-03,4.415973E-04,1.745580E-04,6.568625E-05,2.527565E-05,9.261282E-06,2.890765E-06,5.730103E-07,9.107343E-08
-8.51787,41.90000,0.00000,4.405895E-01,4.276164E-01,4.046120E-01,3.695921E-01,3.232704E-01,2.694649E-01,2.139198E-01,1.621206E-01,1.175599E-01,8.145963E-02,5.360297E-02,3.319767E-02,1.919640E-02,1.031169E-02,5.132979E-03,2.322660E-03,1.020554E-03,4.182204E-04,1.671079E-04,6.402413E-05,2.486715E-05,9.147038E-06,2.944036E-06,5.894444E-07,9.498283E-08
-8.51787,42.00000,0.00000,4.353822E-01,4.221916E-01,3.989604E-01,3.638314E-01,3.176636E-01,2.643539E-01,2.095901E-01,1.586967E-01,1.149983E-01,7.962172E-02,5.233022E-02,3.234755E-02,1.864940E-02,9.973943E-03,4.936849E-03,2.266135E-03,9.747962E-04,4.015391E-04,1.622890E-04,6.401304E-05,2.480618E-05,9.141230E-06,2.957806E-06,5.937370E-07,9.602908E-08
-8.51787,42.10000,0.00000,4.041859E-01,3.922035E-01,3.709407E-01,3.386172E-01,2.959936E-01,2.466603E-01,1.958838E-01,1.486056E-01,1.079370E-01,7.495482E-02,4.945194E-02,3.070650E-02,1.778003E-02,9.536358E-03,4.724089E-03,2.168399E-03,9.447227E-04,3.981584E-04,1.584082E-04,6.397640E-05,2.472952E-05,9.128804E-06,2.930024E-06,5.848082E-07,9.388268E-08
-8.51787,42.20000,0.00000,3.970307E-01,3.849366E-01,3.636041E-01,3.313743E-01,2.891366E-01,2.405376E-01,1.907695E-01,1.446054E-01,1.049869E-01,7.289024E-02,4.807738E-02,2.983388E-02,1.724851E-02,9.224725E-03,4.551181E-03,2.081000E-03,9.078248E-04,3.827528E-04,1.550652E-04,6.188805E-05,2.396145E-05,8.811066E-06,2.878227E-06,5.681979E-07,8.987426E-08
-8.41787,36.90000,0.00000,8.961088E-01,8.736299E-01,8.387827E-01,7.883907E-01,7.209194E-01,6.377676E-01,5.434213E-01,4.443000E-01,3.473406E-01,2.588472E-01,1.835744E-01,1.238955E-01,7.961554E-02,4.866099E-02,2.818140E-02,1.537895E-02,7.866614E-03,3.755982E-03,1.664957E-03,6.776328E-04,2.481391E-04,7.947151E-05,2.157544E-05,4.822583E-06,8.657283E-07
-8.41787,37.00000,0.00000,9.222260E-01,9.163506E-01,9.044161E-01,8.824925E-01,8.455484E-01,7.886025E-01,7.093909E-01,6.110660E-01,5.018671E-01,3.916556E-01,2.888369E-01,1.997502E-01,1.286804E-01,7.706635E-02,4.301114E-02,2.241255E-02,1.086044E-02,4.840866E-03,1.957177E-03,7.081051E-04,2.262466E-04,6.282996E-05,1.485768E-05,2.921162E-06,4.654365E-07
-8.41787,37.10000,0.00000,9.234376E-01,9.175987E-01,9.057262E-01,8.838755E-01,8.469539E-01,7.898595E-01,7.102058E-01,6.111376E-01,5.010836E-01,3.901668E-01,2.869485E-01,1.977830E-01,1.268875E-01,7.561028E-02,4.195466E-02,2.172802E-02,1.046399E-02,4.636070E-03,1.863962E-03,6.716161E-04,2.143737E-04,5.974983E-05,1.425474E-05,2.840841E-06,4.605673E-07
-8.41787,37.20000,0.00000,9.257041E-01,9.198993E-01,9.081023E-01,8.863608E-01,8.495226E-01,7.923385E-01,7.122465E-01,6.123280E-01,5.011839E-01,3.892203E-01,2.852294E-01,1.956564E-01,1.247185E-01,7.369661E-02,4.047017E-02,2.070745E-02,9.839457E-03,4.296956E-03,1.702885E-03,6.062047E-04,1.922197E-04,5.362904E-05,1.290012E-05,2.604099E-06,4.283642E-07
-8.41787,37.30000,0.00000,9.246313E-01,9.188251E-01,9.070101E-01,8.852206E-01,8.482832E-01,7.909107E-01,7.104900E-01,6.100923E-01,4.984184E-01,3.860523E-01,2.819232E-01,1.924892E-01,1.219037E-01,7.136524E-02,3.868280E-02,1.945207E-02,9.039694E-03,3.838035E-03,1.467228E-03,4.990278E-04,1.497684E-04,3.930601E-05,8.883450E-06,1.689643E-06,2.628495E-07
-8.41787,37.40000,0.00000,9.245484E-01,9.187186E-01,9.068598E-01,8.849908E-01,8.479037E-01,7.902498E-01,7.093450E-01,6.082579E-01,4.958258E-01,3.828678E-01,2.784903E-01,1.891785E-01,1.189974E-01,6.902374E-02,3.695904E-02,1.830895E-02,8.368376E-03,3.494003E-03,1.315090E-03,4.415053E-04,1.313316E-04,3.433554E-05,7.762059E-06,1.478463E-06,2.297948E-07
-8.41787,37.50000,0.00000,9.262222E-01,9.203648E-01,9.084795E-01,8.865840E-01,8.494400E-01,7.916219E-01,7.103376E-01,6.085854E-01,4.952661E-01,3.814344E-01,2.764454E-01,1.869047E-01,1.168487E-01,6.723032E-02,3.562327E-02,1.743222E-02,7.874918E-03,3.263891E-03,1.229996E-03,4.182984E-04,1.275158E-04,3.440607E-05,8.023294E-06,1.565610E-06,2.469308E-07
-8.41787,37.60000,0.00000,9.279494E-01,9.220645E-01,9.101546E-01,8.882405E-01,8.510645E-01,7.931422E-01,7.115913E-01,6.093283E-01,4.952658E-01,3.806052E-01,2.749189E-01,1.849795E-01,1.148694E-01,6.547472E-02,3.425279E-02,1.649091E-02,7.311936E-03,2.974415E-03,1.103195E-03,3.710623E-04,1.124280E-04,3.021099E-05,7.000183E-06,1.350167E-06,2.092569E-07
-8.41787,37.70000,0.00000,9.288306E-01,9.228925E-01,9.109086E-01,8.889002E-01,8.516106E-01,7.935534E-01,7.118227E-01,6.092787E-01,4.947807E-01,3.795641E-01,2.733457E-01,1.830655E-01,1.128887E-01,6.367659E-02,3.279747E-02,1.543572E-02,6.626845E-03,2.576699E-03,8.974991E-04,2.772952E-04,7.552289E-05,1.801173E-05,3.708906E-06,6.433359E-07,9.087136E-08
-8.41787,37.80000,0.00000,9.270018E-01,9.209635E-01,9.088008E-01,8.865257E-01,8.489177E-01,7.905896E-01,7.087480E-01,6.062741E-01,4.919295E-01,3.768471E-01,2.707573E-01,1.806809E-01,1.108240E-01,6.201386E-02,3.155595E-02,1.458342E-02,6.097405E-03,2.284669E-03,7.572214E-04,2.197673E-04,5.580001E-05,1.248059E-05,2.467104E-06,4.247334E-07,6.138618E-08
-8.41787,37.90000,0.00000,9.285983E-01,9.224757E-01,9.101981E-01,8.877851E-01,8.500411E-01,7.916304E-01,7.098065E-01,6.073991E-01,4.930027E-01,3.776212E-01,2.710534E-01,1.805281E-01,1.104088E-01,6.153303E-02,3.113326E-02,1.426968E-02,5.897825E-03,2.177758E-03,7.101911E-04,2.031734E-04,5.119288E-05,1.148876E-05,2.303719E-06,4.044793E-07,5.962096E-08
-8.41787,38.00000,0.00000,9.300979E-01,9.238980E-01,9.115150E-01,8.889832E-01,8.511483E-01,7.927582E-01,7.111502E-01,6.091103E-01,4.950053E-01,3.796007E-01,2.726741E-01,1.816428E-01,1.110752E-01,6.189354E-02,3.131286E-02,1.435165E-02,5.932165E-03,2.191640E-03,7.158436E-04,2.053556E-04,5.189300E-05,1.165279E-05,2.326742E-06,4.046807E-07,5.886506E-08
-8.41787,38.10000,0.00000,9.280447E-01,9.216856E-01,9.090310E-01,8.861117E-01,8.478516E-01,7.891976E-01,7.077309E-01,6.063235E-01,4.931377E-01,3.786140E-01,2.723347E-01,1.817081E-01,1.113614E-01,6.226106E-02,3.070035E-02,1.407849E-02,6.116973E-03,2.303044E-03,7.746769E-04,2.318782E-04,6.180903E-05,1.464965E-05,3.043465E-06,5.378355E-07,7.768657E-08
-8.41787,38.20000,0.00000,9.261197E-01,9.195995E-01,9.066725E-01,8.833755E-01,8.447287E-01,7.859020E-01,7.047458E-01,6.041995E-01,4.921620E-01,3.786592E-01,2.730343E-01,1.827096E-01,1.124248E-01,6.036058E-02,2.945016E-02,1.354815E-02,5.979149E-03,2.498587E-03,8.727443E-04,2.753868E-04,7.848672E-05,2.001266E-05,4.449982E-06,8.315682E-07,1.255716E-07
-8.41787,38.30000,0.00000,9.267232E-01,9.200586E-01,9.069006E-01,8.832819E-01,8.442789E-01,7.852315E-01,7.042358E-01,6.043310E-01,4.931732E-01,3.803572E-01,2.749711E-01,1.845071E-01,1.098392E-01,5.806697E-02,2.839083E-02,1.312656E-02,5.832803E-03,2.502580E-03,9.302307E-04,2.942596E-04,8.359667E-05,2.113766E-05,4.646202E-06,8.574750E-07,1.278926E-07
-8.41787,38.40000,0.00000,9.269660E-01,9.201365E-01,9.067121E-01,8.827229E-01,8.433072E-01,7.839922E-01,7.031261E-01,6.038491E-01,4.935849E-01,3.815204E-01,2.764879E-01,1.834101E-01,1.063754E-01,5.622628E-02,2.756628E-02,1.281509E-02,5.732679E-03,2.474647E-03,9.759921E-04,3.070136E-04,8.623937E-05,2.153409E-05,4.693958E-06,8.652952E-07,1.298148E-07
-8.41787,38.50000,0.00000,9.190490E-01,9.119130E-01,8.979368E-01,8.731511E-01,8.328746E-01,7.730414E-01,6.924788E-01,5.945389E-01,4.863957E-01,3.767239E-01,2.738899E-01,1.749548E-01,1.012301E-01,5.349279E-02,2.628373E-02,1.227656E-02,5.529201E-03,2.406031E-03,1.008099E-03,3.524216E-04,1.015497E-04,2.572528E-05,5.617226E-06,1.029167E-06,1.533934E-07
-8.41787,38.60000,0.00000,9.137883E-01,9.064150E-01,8.920191E-01,8.666324E-01,8.257082E-01,7.654868E-01,6.851547E-01,5.882202E-01,4.816521E-01,3.737377E-01,2.639766E-01,1.676754E-01,9.691200E-02,5.128773E-02,2.568319E-02,1.269960E-02,5.763824E-03,2.490724E-03,9.990874E-04,4.034430E-04,1.549905E-04,4.409726E-05,1.073137E-05,2.162432E-06,3.505804E-07
-8.41787,38.70000,0.00000,9.104100E-01,9.027905E-01,8.879699E-01,8.619694E-01,8.203332E-01,7.595496E-01,6.791326E-01,5.827784E-01,4.773441E-01,3.668251E-01,2.532818E-01,1.603156E-01,9.252379E-02,4.902115E-02,2.578242E-02,1.258803E-02,5.837219E-03,2.510216E-03,1.014726E-03,3.911449E-04,1.488200E-04,4.793169E-05,1.166089E-05,2.349481E-06,3.816777E-07
-8.41787,38.80000,0.00000,9.088287E-01,9.009952E-01,8.858212E-01,8.593156E-01,8.170918E-01,7.558268E-01,6.752881E-01,5.793239E-01,4.746979E-01,3.565343E-01,2.451164E-01,1.545921E-01,8.903801E-02,4.772728E-02,2.513205E-02,1.246600E-02,5.716905E-03,2.492647E-03,9.969961E-04,4.110286E-04,1.319783E-04,3.328552E-05,6.996646E-06,1.193015E-06,1.603207E-07
-8.41787,38.90000,0.00000,9.017044E-01,8.935861E-01,8.779073E-01,8.506687E-01,8.076021E-01,7.456623E-01,6.649672E-01,5.696055E-01,4.663149E-01,3.452990E-01,2.364875E-01,1.486554E-01,8.540819E-02,4.689387E-02,2.462746E-02,1.230037E-02,5.671954E-03,2.475696E-03,9.887498E-04,4.159642E-04,1.301743E-04,3.236820E-05,6.693869E-06,1.122530E-06,1.483138E-07
-8.41787,39.00000,0.00000,8.974009E-01,8.890399E-01,8.729439E-01,8.450965E-01,8.012956E-01,7.386656E-01,6.575701E-01,5.623135E-01,4.458946E-01,3.276478E-01,2.236821E-01,1.403771E-01,8.065721E-02,4.573884E-02,2.471903E-02,1.244600E-02,5.985848E-03,2.648856E-03,1.078057E-03,3.936656E-04,1.479649E-04,5.053507E-05,1.195088E-05,2.325836E-06,3.628994E-07
-8.41787,39.10000,0.00000,8.941460E-01,8.855703E-01,8.691031E-01,8.406983E-01,7.961788E-01,7.327775E-01,6.510600E-01,5.521441E-01,4.300420E-01,3.144862E-01,2.138883E-01,1.339369E-01,7.902365E-02,4.521888E-02,2.402559E-02,1.199227E-02,5.890367E-03,2.825523E-03,1.198604E-03,4.536438E-04,1.558359E-04,5.225158E-05,1.604473E-05,3.228331E-06,5.190105E-07
-8.41787,39.20000,0.00000,8.928733E-01,8.840418E-01,8.671360E-01,8.380449E-01,7.925572E-01,7.279559E-01,6.449914E-01,5.390378E-01,4.182346E-01,3.047582E-01,2.065583E-01,1.289242E-01,7.630233E-02,4.346919E-02,2.311610E-02,1.156159E-02,5.738836E-03,2.787035E-03,1.197383E-03,4.656882E-04,1.591511E-04,4.970648E-05,1.579186E-05,3.363711E-06,5.474291E-07
-8.41787,39.30000,0.00000,8.890519E-01,8.799667E-01,8.626162E-01,8.328418E-01,7.864204E-01,7.207043E-01,6.366188E-01,5.206880E-01,4.013413E-01,2.904849E-01,1.954834E-01,1.210545E-01,7.155959E-02,4.086382E-02,2.140145E-02,1.069958E-02,5.382780E-03,2.630362E-03,1.138276E-03,4.490129E-04,1.548921E-04,5.917120E-05,1.658436E-05,3.401915E-06,5.609522E-07
-8.41787,39.40000,0.00000,8.774067E-01,8.680111E-01,8.500889E-01,8.194461E-01,7.719399E-01,7.051282E-01,6.039800E-01,4.894705E-01,3.751875E-01,2.705530E-01,1.817814E-01,1.126474E-01,6.658255E-02,3.772075E-02,2.007675E-02,1.028780E-02,4.980612E-03,2.273243E-03,9.844089E-04,3.822523E-04,1.621597E-04,5.819068E-05,1.480837E-05,3.096551E-06,5.199420E-07
-8.41787,39.50000,0.00000,8.750783E-01,8.654584E-01,8.471367E-01,8.158519E-01,7.674078E-01,6.978191E-01,5.938906E-01,4.792908E-01,3.657717E-01,2.625595E-01,1.756431E-01,1.084038E-01,6.205437E-02,3.426293E-02,1.770689E-02,8.633468E-03,4.049836E-03,1.747269E-03,7.415586E-04,3.281843E-04,1.128659E-04,3.125470E-05,7.348687E-06,1.432096E-06,2.258645E-07
-8.41787,39.60000,0.00000,8.720558E-01,8.621399E-01,8.432909E-01,8.111628E-01,7.582691E-01,6.730812E-01,5.687982E-01,4.557985E-01,3.454967E-01,2.464435E-01,1.638708E-01,1.005206E-01,5.666870E-02,3.091427E-02,1.549417E-02,7.509946E-03,3.337212E-03,1.409192E-03,6.124277E-04,2.540517E-04,8.314961E-05,2.332931E-05,5.632093E-06,1.132572E-06,1.838433E-07
-8.41787,39.70000,0.00000,8.609826E-01,8.475285E-01,8.222603E-01,7.798381E-01,7.159032E-01,6.300229E-01,5.278981E-01,4.198891E-01,3.164718E-01,2.249447E-01,1.493450E-01,9.167086E-02,5.276032E-02,2.839149E-02,1.424413E-02,6.745763E-03,2.924493E-03,1.267168E-03,5.449690E-04,2.240399E-04,7.273541E-05,2.044308E-05,4.878709E-06,9.555707E-07,1.490896E-07
-8.41787,39.80000,0.00000,8.547043E-01,8.406481E-01,8.144317E-01,7.707554E-01,7.055039E-01,6.186743E-01,5.163754E-01,4.090806E-01,3.070659E-01,2.173118E-01,1.436358E-01,8.775980E-02,4.932913E-02,2.606993E-02,1.288370E-02,5.895629E-03,2.685538E-03,1.197606E-03,5.176245E-04,2.015159E-04,6.589077E-05,1.897192E-05,4.628345E-06,9.244490E-07,1.468830E-07
-8.41787,39.90000,0.00000,8.427461E-01,8.280206E-01,8.007730E-01,7.558188E-01,6.894206E-01,6.021113E-01,5.004020E-01,3.947652E-01,2.951436E-01,2.080956E-01,1.370649E-01,8.347920E-02,4.679435E-02,2.428114E-02,1.185430E-02,5.560197E-03,2.545767E-03,1.142979E-03,4.605326E-04,1.590264E-04,5.004833E-05,1.388171E-05,3.274780E-06,6.360407E-07,9.881741E-08
-8.41787,40.00000,0.00000,7.780559E-01,7.626211E-01,7.343605E-01,6.887298E-01,6.232327E-01,5.396699E-01,4.449131E-01,3.486234E-01,2.593633E-01,1.824064E-01,1.201861E-01,7.376825E-02,4.215627E-02,2.199645E-02,1.056557E-02,4.952504E-03,2.259715E-03,1.011492E-03,3.767581E-04,1.276220E-04,3.969147E-05,1.098903E-05,2.617023E-06,5.185883E-07,8.293235E-08
-8.41787,40.10000,0.00000,7.642667E-01,7.483047E-01,7.192684E-01,6.727477E-01,6.065774E-01,5.229897E-01,4.291553E-01,3.347149E-01,2.479478E-01,1.737373E-01,1.141419E-01,7.036316E-02,3.990783E-02,2.063506E-02,9.943831E-03,4.648603E-03,2.119974E-03,9.518074E-04,3.448559E-04,1.181707E-04,3.738166E-05,1.055113E-05,2.560271E-06,5.158576E-07,8.373576E-08
-8.41787,40.20000,0.00000,7.494599E-01,7.331439E-01,7.036276E-01,6.566594E-01,5.903841E-01,5.073719E-01,4.149358E-01,3.225737E-01,2.382347E-01,1.664718E-01,1.090913E-01,6.635201E-02,3.723759E-02,1.935334E-02,9.450461E-03,4.429041E-03,2.031610E-03,8.569638E-04,3.161283E-04,1.110505E-04,3.596567E-05,1.032260E-05,2.526982E-06,5.104562E-07,8.275155E-08
-8.41787,40.30000,0.00000,7.195748E-01,7.031582E-01,6.735936E-01,6.268982E-01,5.616446E-01,4.807629E-01,3.915833E-01,3.032449E-01,2.231931E-01,1.555389E-01,1.017595E-01,6.211923E-02,3.489769E-02,1.813158E-02,8.900826E-03,4.202641E-03,1.945619E-03,8.239938E-04,3.070352E-04,1.088164E-04,3.541386E-05,1.016320E-05,2.475710E-06,4.954651E-07,7.925676E-08
-8.41787,40.40000,0.00000,6.631487E-01,6.477171E-01,6.198284E-01,5.758948E-01,5.149365E-01,4.400625E-01,3.582428E-01,2.778344E-01,2.054646E-01,1.446202E-01,9.627962E-02,5.846658E-02,3.286218E-02,1.719993E-02,8.039040E-03,3.828094E-03,1.791095E-03,8.025697E-04,3.009345E-04,1.070203E-04,3.480080E-05,9.933880E-06,2.395827E-06,4.725145E-07,7.411943E-08
-8.41787,40.50000,0.00000,6.506230E-01,6.350240E-01,6.069290E-01,5.628569E-01,5.020114E-01,4.276937E-01,3.469580E-01,2.680829E-01,1.975096E-01,1.385235E-01,9.106293E-02,5.512927E-02,3.109339E-02,1.613119E-02,7.508373E-03,3.533900E-03,1.628343E-03,7.401922E-04,2.911061E-04,1.046086E-04,3.424253E-05,9.787443E-06,2.350553E-06,4.592121E-07,7.099651E-08
-8.41787,40.60000,0.00000,6.360218E-01,6.203718E-01,5.922694E-01,5.483551E-01,4.880180E-01,4.147119E-01,3.355115E-01,2.585412E-01,1.900019E-01,1.329555E-01,8.687190E-02,5.231637E-02,2.964535E-02,1.531165E-02,7.080766E-03,3.304088E-03,1.515730E-03,6.870480E-04,2.882631E-04,1.042024E-04,3.419606E-05,9.771970E-06,2.341228E-06,4.554333E-07,6.998454E-08
-8.41787,40.70000,0.00000,6.238183E-01,6.080815E-01,5.799202E-01,5.360913E-01,4.761505E-01,4.036953E-01,3.258122E-01,2.504864E-01,1.836956E-01,1.283055E-01,8.436895E-02,5.072072E-02,2.842009E-02,1.479212E-02,6.874588E-03,3.143775E-03,1.444530E-03,6.582761E-04,2.883115E-04,1.045312E-04,3.436542E-05,9.836819E-06,2.362213E-06,4.610856E-07,7.119678E-08
-8.41787,40.80000,0.00000,5.526339E-01,5.393740E-01,5.151101E-01,4.767826E-01,4.239091E-01,3.596940E-01,2.904918E-01,2.235007E-01,1.641495E-01,1.150322E-01,7.658398E-02,4.817929E-02,2.713667E-02,1.404613E-02,6.712377E-03,2.947280E-03,1.363881E-03,6.261971E-04,2.845647E-04,1.051956E-04,3.464586E-05,9.942973E-06,2.398748E-06,4.716885E-07,7.361843E-08
-8.41787,40.90000,0.00000,5.490082E-01,5.354730E-01,5.108280E-01,4.720845E-01,4.188973E-01,3.546237E-01,2.857008E-01,2.192850E-01,1.606699E-01,1.123117E-01,7.455380E-02,4.673092E-02,2.624953E-02,1.345534E-02,6.520551E-03,2.823033E-03,1.258216E-03,5.677545E-04,2.530825E-04,1.058628E-04,3.492500E-05,1.005320E-05,2.438454E-06,4.834860E-07,7.632535E-08
-8.41787,41.00000,0.00000,5.440887E-01,5.302743E-01,5.052547E-01,4.661276E-01,4.126979E-01,3.484778E-01,2.799765E-01,2.142918E-01,1.565757E-01,1.091391E-01,7.222711E-02,4.511806E-02,2.530909E-02,1.285811E-02,6.292241E-03,2.759320E-03,1.180850E-03,5.302993E-04,2.349693E-04,1.016309E-04,3.500279E-05,1.006931E-05,2.445724E-06,4.867375E-07,7.728918E-08
-8.41787,41.10000,0.00000,5.351625E-01,5.213087E-01,4.962891E-01,4.572908E-01,4.042332E-01,3.407129E-01,2.732245E-01,2.087453E-01,1.522618E-01,1.059531E-01,6.999277E-02,4.363129E-02,2.485801E-02,1.249078E-02,6.051484E-03,2.737319E-03,1.137397E-03,5.050172E-04,2.223973E-04,9.447864E-05,3.574799E-05,1.031872E-05,2.527128E-06,5.106536E-07,8.301518E-08
-8.41787,41.20000,0.00000,5.239841E-01,5.101793E-01,4.853068E-01,4.466490E-01,3.942324E-01,3.317100E-01,2.655278E-01,2.025160E-01,1.474891E-01,1.024923E-01,6.762008E-02,4.208987E-02,2.433387E-02,1.228228E-02,5.934791E-03,2.716754E-03,1.136565E-03,4.781864E-04,2.097550E-04,8.861876E-05,3.533748E-05,1.076869E-05,2.621359E-06,5.247807E-07,8.431081E-08
-8.41787,41.30000,0.00000,4.951236E-01,4.822825E-01,4.589570E-01,4.225120E-01,3.729599E-01,3.137977E-01,2.511775E-01,1.915880E-01,1.395869E-01,9.709042E-02,6.415400E-02,4.000645E-02,2.347311E-02,1.210481E-02,5.621079E-03,2.599563E-03,1.138538E-03,4.609870E-04,1.876631E-04,7.742015E-05,3.035270E-05,1.104715E-05,2.763618E-06,5.488478E-07,8.715944E-08
-8.41787,41.40000,0.00000,4.946589E-01,4.813665E-01,4.574216E-01,4.202956E-01,3.701769E-01,3.107310E-01,2.481744E-01,1.889278E-01,1.374019E-01,9.538602E-02,6.287204E-02,3.907147E-02,2.280861E-02,1.192230E-02,5.567793E-03,2.538905E-03,1.127138E-03,4.594203E-04,1.776907E-04,7.193488E-05,2.813389E-05,1.021889E-05,2.743652E-06,5.380866E-07,8.407822E-08
-8.41787,41.50000,0.00000,4.855702E-01,4.722127E-01,4.482537E-01,4.112763E-01,3.616018E-01,3.029728E-01,2.415605E-01,1.836236E-01,1.333898E-01,9.251615E-02,6.093179E-02,3.782881E-02,2.204154E-02,1.155394E-02,5.509245E-03,2.433067E-03,1.071074E-03,4.577345E-04,1.772487E-04,6.985481E-05,2.749130E-05,1.004683E-05,2.733546E-06,5.338752E-07,8.297183E-08
-8.41787,41.60000,0.00000,4.763667E-01,4.629662E-01,4.390368E-01,4.022779E-01,3.531370E-01,2.954128E-01,2.352055E-01,1.785991E-01,1.296378E-01,8.986161E-02,5.915259E-02,3.669595E-02,2.134346E-02,1.135420E-02,5.459460E-03,2.424855E-03,1.036605E-03,4.433065E-04,1.782126E-04,6.892742E-05,2.729689E-05,1.001801E-05,2.772056E-06,5.444612E-07,8.535471E-08
-8.41787,41.70000,0.00000,4.502981E-01,4.377681E-01,4.152697E-01,3.805938E-01,3.341643E-01,2.796028E-01,2.226924E-01,1.691901E-01,1.229174E-01,8.532512E-02,5.628561E-02,3.500778E-02,2.040387E-02,1.111780E-02,5.411925E-03,2.424437E-03,1.044319E-03,4.335685E-04,1.759512E-04,6.822203E-05,2.706684E-05,9.973402E-06,2.887322E-06,5.760065E-07,9.226880E-08
-8.41787,41.80000,0.00000,4.460159E-01,4.332214E-01,4.104121E-01,3.754977E-01,3.290561E-01,2.748104E-01,2.185240E-01,1.658151E-01,1.203436E-01,8.345179E-02,5.497355E-02,3.411828E-02,1.981380E-02,1.073020E-02,5.191511E-03,2.435621E-03,1.054277E-03,4.392018E-04,1.735401E-04,6.659208E-05,2.538449E-05,9.283413E-06,2.991854E-06,6.064422E-07,9.930901E-08
-8.41787,41.90000,0.00000,4.399486E-01,4.269660E-01,4.039706E-01,3.689975E-01,3.227724E-01,2.691015E-01,2.136965E-01,1.620088E-01,1.175177E-01,8.145465E-02,5.362055E-02,3.323448E-02,1.925059E-02,1.037571E-02,5.128845E-03,2.361556E-03,1.047053E-03,4.301297E-04,1.712262E-04,6.478647E-05,2.497293E-05,9.168928E-06,3.028033E-06,6.259258E-07,1.040646E-07
-8.41787,42.00000,0.00000,4.355327E-01,4.222825E-01,3.989846E-01,3.638038E-01,3.176211E-01,2.643362E-01,2.096180E-01,1.587620E-01,1.150785E-01,7.969784E-02,5.239773E-02,3.241188E-02,1.871629E-02,1.004140E-02,4.995918E-03,2.267695E-03,9.983652E-04,4.118094E-04,1.657622E-04,6.420766E-05,2.490957E-05,9.162806E-06,3.028736E-06,6.291181E-07,1.048370E-07
-8.41787,42.10000,0.00000,3.981438E-01,3.864316E-01,3.656086E-01,3.339056E-01,2.920467E-01,2.435403E-01,1.935527E-01,1.469507E-01,1.068221E-01,7.425613E-02,4.906495E-02,3.053780E-02,1.774491E-02,9.565294E-03,4.769062E-03,2.204336E-03,9.638009E-04,3.990095E-04,1.613908E-04,6.417934E-05,2.483140E-05,9.150236E-06,3.022624E-06,6.151348E-07,1.013493E-07
-8.41787,42.20000,0.00000,3.952672E-01,3.832308E-01,3.620074E-01,3.299536E-01,2.879580E-01,2.396406E-01,1.901488E-01,1.442128E-01,1.047575E-01,7.276867E-02,4.802863E-02,2.983775E-02,1.728788E-02,9.279682E-03,4.602288E-03,2.116641E-03,9.259248E-04,3.908618E-04,1.554362E-04,6.258662E-05,2.406397E-05,8.832740E-06,2.912687E-06,5.918341E-07,9.556513E-08
-8.31787,36.90000,0.00000,8.951862E-01,8.722356E-01,8.367929E-01,7.857333E-01,7.176485E-01,6.341081E-01,5.397178E-01,4.408922E-01,3.444793E-01,2.566631E-01,1.820846E-01,1.230174E-01,7.919837E-02,4.853592E-02,2.820907E-02,1.546762E-02,7.963541E-03,3.834195E-03,1.715519E-03,7.042033E-04,2.595724E-04,8.354951E-05,2.279691E-05,5.130285E-06,9.298719E-07
-8.31787,37.00000,0.00000,9.208276E-01,9.148501E-01,9.027250E-01,8.804904E-01,8.431108E-01,7.856687E-01,7.060519E-01,6.075836E-01,4.985849E-01,3.888447E-01,2.866384E-01,1.981824E-01,1.276734E-01,7.649469E-02,4.273130E-02,2.229933E-02,1.082687E-02,4.837528E-03,1.961358E-03,7.120045E-04,2.284617E-04,6.382009E-05,1.522103E-05,3.029028E-06,4.905435E-07
-8.31787,37.10000,0.00000,9.214314E-01,9.154897E-01,9.034182E-01,8.812356E-01,8.438459E-01,7.862177E-01,7.061272E-01,6.069056E-01,4.970760E-01,3.867037E-01,2.842084E-01,1.957964E-01,1.255745E-01,7.482364E-02,4.152915E-02,2.152009E-02,1.037238E-02,4.600234E-03,1.852185E-03,6.689228E-04,2.143713E-04,6.014508E-05,1.449390E-05,2.929190E-06,4.835813E-07
-8.31787,37.20000,0.00000,9.215634E-01,9.156350E-01,9.035761E-01,8.813819E-01,8.438985E-01,7.859920E-01,7.053396E-01,6.052938E-01,4.945863E-01,3.835525E-01,2.807721E-01,1.924529E-01,1.226180E-01,7.243734E-02,3.977720E-02,2.035587E-02,9.676169E-03,4.229333E-03,1.679105E-03,5.997270E-04,1.912089E-04,5.378305E-05,1.308291E-05,2.679523E-06,4.487215E-07
-8.31787,37.30000,0.00000,9.239807E-01,9.180712E-01,9.060683E-01,8.839685E-01,8.465723E-01,7.886206E-01,7.076195E-01,6.068209E-01,4.950484E-01,3.828867E-01,2.791767E-01,1.902866E-01,1.202826E-01,7.028055E-02,3.802563E-02,1.909288E-02,8.864186E-03,3.763011E-03,1.440199E-03,4.912812E-04,1.482046E-04,3.919013E-05,8.946085E-06,1.723019E-06,2.722076E-07
-8.31787,37.40000,0.00000,9.244694E-01,9.185459E-01,9.065204E-01,8.843738E-01,8.468617E-01,7.886384E-01,7.071133E-01,6.055299E-01,4.928744E-01,3.799971E-01,2.759349E-01,1.870826E-01,1.174217E-01,6.794772E-02,3.629515E-02,1.793925E-02,8.182836E-03,3.410511E-03,1.281555E-03,4.294607E-04,1.274437E-04,3.321953E-05,7.488924E-06,1.424935E-06,2.219714E-07
-8.31787,37.50000,0.00000,9.261494E-01,9.202005E-01,9.081498E-01,8.859730E-01,8.483831E-01,7.899358E-01,7.079152E-01,6.055124E-01,4.918378E-01,3.780367E-01,2.733995E-01,1.844035E-01,1.149594E-01,6.592175E-02,3.479683E-02,1.695755E-02,7.625881E-03,3.142522E-03,1.173415E-03,3.926074E-04,1.164580E-04,3.018813E-05,6.692499E-06,1.234309E-06,1.836473E-07
-8.31787,37.60000,0.00000,9.259380E-01,9.199451E-01,9.078206E-01,8.855320E-01,8.477829E-01,7.891130E-01,7.067770E-01,6.039400E-01,4.897501E-01,3.754846E-01,2.705989E-01,1.816544E-01,1.125275E-01,6.396704E-02,3.336995E-02,1.602518E-02,7.093035E-03,2.883883E-03,1.070742E-03,3.612473E-04,1.100761E-04,2.984219E-05,7.000621E-06,1.371941E-06,2.169036E-07
-8.31787,37.70000,0.00000,9.257647E-01,9.197071E-01,9.074759E-01,8.850299E-01,8.470719E-01,7.881475E-01,7.055150E-01,6.023252E-01,4.877279E-01,3.730613E-01,2.679013E-01,1.789064E-01,1.099758E-01,6.180578E-02,3.170450E-02,1.486424E-02,6.365032E-03,2.473983E-03,8.638285E-04,2.683530E-04,7.370176E-05,1.777102E-05,3.708342E-06,6.536129E-07,9.418500E-08
-8.31787,37.80000,0.00000,9.261559E-01,9.200220E-01,9.076753E-01,8.850742E-01,8.469368E-01,7.878423E-01,7.050740E-01,6.017478E-01,4.869278E-01,3.719271E-01,2.664240E-01,1.772276E-01,1.083170E-01,6.035809E-02,3.057255E-02,1.406785E-02,5.863793E-03,2.195117E-03,7.288124E-04,2.125305E-04,5.441195E-05,1.232450E-05,2.479482E-06,4.367633E-07,6.497245E-08
-8.31787,37.90000,0.00000,9.285032E-01,9.223001E-01,9.098710E-01,8.871827E-01,8.489609E-01,7.897978E-01,7.069705E-01,6.035212E-01,4.883856E-01,3.728256E-01,2.666506E-01,1.768976E-01,1.076929E-01,5.969176E-02,3.001538E-02,1.367384E-02,5.624991E-03,2.072725E-03,6.769354E-04,1.947584E-04,4.958953E-05,1.130540E-05,2.314670E-06,4.168620E-07,6.334455E-08
-8.31787,38.00000,0.00000,9.265609E-01,9.202161E-01,9.075392E-01,8.844888E-01,8.458489E-01,7.863671E-01,7.035175E-01,6.004081E-01,4.858245E-01,3.708049E-01,2.650626E-01,1.756688E-01,1.067898E-01,5.907334E-02,2.962301E-02,1.344685E-02,5.510492E-03,2.025276E-03,6.617780E-04,1.912903E-04,4.908479E-05,1.126852E-05,2.310622E-06,4.137872E-07,6.217963E-08
-8.31787,38.10000,0.00000,9.263111E-01,9.198418E-01,9.069667E-01,8.836492E-01,8.447311E-01,7.850980E-01,7.023821E-01,5.997089E-01,4.856596E-01,3.710158E-01,2.654121E-01,1.760133E-01,1.070980E-01,5.934871E-02,2.985743E-02,1.362944E-02,5.639809E-03,2.108127E-03,7.085608E-04,2.137177E-04,5.790380E-05,1.403865E-05,2.991947E-06,5.428012E-07,8.063054E-08
-8.31787,38.20000,0.00000,9.248696E-01,9.182364E-01,9.050875E-01,8.813869E-01,8.420565E-01,7.821799E-01,6.996302E-01,5.976054E-01,4.844647E-01,3.706585E-01,2.656389E-01,1.765864E-01,1.078408E-01,5.936046E-02,2.888933E-02,1.324889E-02,5.828521E-03,2.280097E-03,7.958476E-04,2.532565E-04,7.347520E-05,1.919246E-05,4.381693E-06,8.407250E-07,1.304582E-07
-8.31787,38.30000,0.00000,9.250027E-01,9.182285E-01,9.048568E-01,8.808588E-01,8.412270E-01,7.812191E-01,6.989195E-01,5.975685E-01,4.852548E-01,3.720431E-01,2.672058E-01,1.780248E-01,1.086531E-01,5.732184E-02,2.795195E-02,1.287957E-02,5.700830E-03,2.392522E-03,8.406699E-04,2.682644E-04,7.765098E-05,2.013751E-05,4.549765E-06,8.628359E-07,1.323120E-07
-8.31787,38.40000,0.00000,9.242234E-01,9.172506E-01,9.035443E-01,8.790567E-01,8.388385E-01,7.783463E-01,6.959600E-01,5.950803E-01,4.836218E-01,3.712634E-01,2.670107E-01,1.781430E-01,1.031827E-01,5.435555E-02,2.652657E-02,1.226428E-02,5.460757E-03,2.352756E-03,8.732809E-04,2.788629E-04,8.046525E-05,2.077398E-05,4.682239E-06,8.897923E-07,1.374307E-07
-8.31787,38.50000,0.00000,9.165391E-01,9.092740E-01,8.950405E-01,8.697878E-01,8.287373E-01,7.677266E-01,6.855870E-01,5.859154E-01,4.763968E-01,3.662408E-01,2.640330E-01,1.724770E-01,9.956741E-02,5.247768E-02,2.570009E-02,1.195534E-02,5.361419E-03,2.324477E-03,9.602803E-04,3.146536E-04,9.253866E-05,2.407567E-05,5.415175E-06,1.023693E-06,1.578671E-07
-8.31787,38.60000,0.00000,9.141408E-01,9.066801E-01,8.921179E-01,8.664137E-01,8.248961E-01,7.636499E-01,6.817823E-01,5.829807E-01,4.747050E-01,3.658074E-01,2.616505E-01,1.658327E-01,9.563569E-02,5.048580E-02,2.483720E-02,1.173991E-02,5.339284E-03,2.291899E-03,9.615884E-04,3.879272E-04,1.384263E-04,3.991814E-05,9.915429E-06,2.054807E-06,3.452189E-07
-8.31787,38.70000,0.00000,9.105021E-01,9.028045E-01,8.878295E-01,8.615274E-01,8.193197E-01,7.575390E-01,6.756277E-01,5.774586E-01,4.703708E-01,3.628718E-01,2.509741E-01,1.585148E-01,9.128700E-02,4.824436E-02,2.410384E-02,1.193520E-02,5.420795E-03,2.351922E-03,9.273161E-04,3.699343E-04,1.409467E-04,4.514610E-05,1.124226E-05,2.328465E-06,3.908347E-07
-8.31787,38.80000,0.00000,9.091278E-01,9.012145E-01,8.858824E-01,8.590654E-01,8.162467E-01,7.539434E-01,6.718572E-01,5.740341E-01,4.677245E-01,3.529314E-01,2.421544E-01,1.523542E-01,8.745898E-02,4.613526E-02,2.416887E-02,1.163210E-02,5.347698E-03,2.330590E-03,9.156698E-04,3.673198E-04,1.398898E-04,4.303046E-05,1.066206E-05,2.211522E-06,3.731496E-07
-8.31787,38.90000,0.00000,9.013450E-01,8.931244E-01,8.772503E-01,8.496466E-01,8.059329E-01,7.429261E-01,6.606935E-01,5.635173E-01,4.586161E-01,3.391369E-01,2.317216E-01,1.453053E-01,8.323488E-02,4.399615E-02,2.301524E-02,1.139868E-02,5.264784E-03,2.314728E-03,9.129851E-04,3.648074E-04,1.401446E-04,4.292387E-05,1.051735E-05,2.151468E-06,3.571606E-07
-8.31787,39.00000,0.00000,8.949206E-01,8.864637E-01,8.701692E-01,8.419539E-01,7.975305E-01,7.339391E-01,6.515422E-01,5.548545E-01,4.445115E-01,3.261909E-01,2.223152E-01,1.392274E-01,7.978497E-02,4.414958E-02,2.327963E-02,1.170826E-02,5.557645E-03,2.454567E-03,9.939501E-04,3.754143E-04,1.366349E-04,4.931352E-05,1.282280E-05,2.577183E-06,4.143351E-07
-8.31787,39.10000,0.00000,8.905045E-01,8.817945E-01,8.650575E-01,8.361782E-01,7.909090E-01,7.264394E-01,6.433881E-01,5.465528E-01,4.289861E-01,3.133090E-01,2.127340E-01,1.329275E-01,7.615235E-02,4.257527E-02,2.281330E-02,1.159395E-02,5.553005E-03,2.559575E-03,1.077132E-03,4.160752E-04,1.449928E-04,4.909095E-05,1.554577E-05,3.124085E-06,4.981190E-07
-8.31787,39.20000,0.00000,8.932629E-01,8.843488E-01,8.672813E-01,8.378796E-01,7.918210E-01,7.262731E-01,6.419681E-01,5.321357E-01,4.113621E-01,2.984941E-01,2.013106E-01,1.248563E-01,7.301286E-02,4.146538E-02,2.178170E-02,1.070430E-02,5.169951E-03,2.442830E-03,1.093758E-03,4.264331E-04,1.448617E-04,4.379982E-05,1.379346E-05,3.185281E-06,5.055215E-07
-8.31787,39.30000,0.00000,8.854403E-01,8.762103E-01,8.585758E-01,8.283155E-01,7.811531E-01,7.144364E-01,6.291924E-01,5.179066E-01,3.986136E-01,2.880231E-01,1.934417E-01,1.195000E-01,6.873158E-02,3.892967E-02,2.083103E-02,1.032357E-02,5.057249E-03,2.434958E-03,1.052679E-03,4.124579E-04,1.460024E-04,4.385813E-05,1.417210E-05,3.262270E-06,5.257067E-07
-8.31787,39.40000,0.00000,8.777761E-01,8.682774E-01,8.501564E-01,8.191516E-01,7.710277E-01,7.032820E-01,6.032128E-01,4.884638E-01,3.740358E-01,2.693818E-01,1.807068E-01,1.117522E-01,6.459742E-02,3.608900E-02,1.930764E-02,9.739508E-03,4.729759E-03,2.158355E-03,9.438075E-04,3.700492E-04,1.300526E-04,4.721819E-05,1.507995E-05,3.162265E-06,5.286843E-07
-8.31787,39.50000,0.00000,8.744701E-01,8.647441E-01,8.462161E-01,8.145663E-01,7.655285E-01,6.855129E-01,5.813108E-01,4.672942E-01,3.551795E-01,2.539529E-01,1.692374E-01,1.039975E-01,5.996275E-02,3.272244E-02,1.686292E-02,8.162152E-03,3.798784E-03,1.633559E-03,6.777586E-04,2.933115E-04,1.007157E-04,2.678377E-05,5.914793E-06,1.055839E-06,1.484412E-07
-8.31787,39.60000,0.00000,8.713418E-01,8.613235E-01,8.422737E-01,8.097928E-01,7.576101E-01,6.722170E-01,5.677264E-01,4.545820E-01,3.442455E-01,2.452700E-01,1.628245E-01,9.968801E-02,5.606299E-02,3.007375E-02,1.523896E-02,7.151627E-03,3.109037E-03,1.364644E-03,5.881873E-04,2.221737E-04,6.560278E-05,1.672182E-05,3.583626E-06,6.285885E-07,8.767528E-08
-8.31787,39.70000,0.00000,8.608255E-01,8.473501E-01,8.220345E-01,7.795246E-01,7.154450E-01,6.293685E-01,5.270344E-01,4.188653E-01,3.153875E-01,2.238711E-01,1.484011E-01,9.091082E-02,5.147692E-02,2.789596E-02,1.395115E-02,6.462845E-03,2.782899E-03,1.235020E-03,5.296650E-04,2.051458E-04,6.316302E-05,1.691556E-05,3.810000E-06,6.995975E-07,1.017998E-07
-8.31787,39.80000,0.00000,8.549119E-01,8.408195E-01,8.145291E-01,7.707165E-01,7.052434E-01,6.181206E-01,5.155143E-01,4.079881E-01,3.058764E-01,2.161652E-01,1.426406E-01,8.697877E-02,4.877661E-02,2.529938E-02,1.244674E-02,5.773756E-03,2.633426E-03,1.173618E-03,5.071799E-04,1.819059E-04,5.701136E-05,1.553945E-05,3.558813E-06,6.644481E-07,9.845724E-08
-8.31787,39.90000,0.00000,8.421373E-01,8.273705E-01,8.000464E-01,7.549708E-01,6.884116E-01,6.009299E-01,4.990910E-01,3.934163E-01,2.938650E-01,2.069740E-01,1.361499E-01,8.278666E-02,4.631260E-02,2.397655E-02,1.168052E-02,5.471046E-03,2.504924E-03,1.126627E-03,4.298986E-04,1.469437E-04,4.538597E-05,1.223598E-05,2.783347E-06,5.183657E-07,7.688444E-08
-8.31787,40.00000,0.00000,7.842163E-01,7.686719E-01,7.402231E-01,6.942553E-01,6.281984E-01,5.438305E-01,4.481105E-01,3.508529E-01,2.607442E-01,1.831142E-01,1.204139E-01,7.337490E-02,4.120259E-02,2.143886E-02,1.045221E-02,4.891675E-03,2.234400E-03,9.948636E-04,3.530899E-04,1.163970E-04,3.475907E-05,9.117480E-06,2.034509E-06,3.746398E-07,5.525924E-08
-8.31787,40.10000,0.00000,7.639164E-01,7.479241E-01,7.188289E-01,6.722135E-01,6.059176E-01,5.222008E-01,4.282743E-01,3.338108E-01,2.470903E-01,1.729764E-01,1.135072E-01,6.909397E-02,3.878527E-02,2.014987E-02,9.828614E-03,4.597588E-03,2.104625E-03,8.660326E-04,3.079710E-04,1.029748E-04,3.145888E-05,8.470260E-06,1.938783E-06,3.652194E-07,5.498779E-08
-8.31787,40.20000,0.00000,7.449057E-01,7.285756E-01,6.990363E-01,6.520637E-01,5.858601E-01,5.030591E-01,4.110036E-01,3.191719E-01,2.354607E-01,1.643565E-01,1.076013E-01,6.539476E-02,3.668216E-02,1.906462E-02,9.317887E-03,4.378259E-03,2.019616E-03,8.025090E-04,2.898619E-04,9.884652E-05,3.077583E-05,8.413696E-06,1.947052E-06,3.695073E-07,5.593834E-08
-8.31787,40.30000,0.00000,7.195738E-01,7.030820E-01,6.733951E-01,6.265263E-01,5.610619E-01,4.799713E-01,3.906366E-01,3.022311E-01,2.222044E-01,1.546522E-01,1.010308E-01,6.141983E-02,3.441771E-02,1.792709E-02,8.801183E-03,4.164231E-03,1.937708E-03,7.745807E-04,2.825157E-04,9.732907E-05,3.055850E-05,8.402800E-06,1.950998E-06,3.707539E-07,5.611116E-08
-8.31787,40.40000,0.00000,6.629848E-01,6.474965E-01,6.195181E-01,5.754653E-01,5.143763E-01,4.393922E-01,3.575163E-01,2.771177E-01,2.048121E-01,1.440645E-01,9.385019E-02,5.691674E-02,3.214476E-02,1.645852E-02,7.973584E-03,3.803792E-03,1.788243E-03,7.376292E-04,2.720868E-04,9.490707E-05,3.010927E-05,8.337042E-06,1.942407E-06,3.693147E-07,5.578057E-08
-8.31787,40.50000,0.00000,6.451784E-01,6.296530E-01,6.016774E-01,5.577967E-01,4.972519E-01,4.233731E-01,3.432056E-01,2.649810E-01,1.950825E-01,1.367418E-01,9.078611E-02,5.506358E-02,3.075352E-02,1.596333E-02,7.417633E-03,3.503778E-03,1.625541E-03,7.275692E-04,2.706279E-04,9.505083E-05,3.030977E-05,8.424036E-06,1.967800E-06,3.747074E-07,5.661044E-08
-8.31787,40.60000,0.00000,6.434776E-01,6.274924E-01,5.988664E-01,5.542212E-01,4.929643E-01,4.186341E-01,3.384266E-01,2.605705E-01,1.913138E-01,1.325835E-01,8.602513E-02,5.210955E-02,2.918875E-02,1.500909E-02,7.044841E-03,3.304728E-03,1.524864E-03,6.989882E-04,2.679312E-04,9.506605E-05,3.054924E-05,8.542374E-06,2.006126E-06,3.839579E-07,5.830921E-08
-8.31787,40.70000,0.00000,6.247523E-01,6.089047E-01,5.805761E-01,5.365319E-01,4.763551E-01,4.036834E-01,3.256398E-01,2.502216E-01,1.833970E-01,1.280015E-01,8.298717E-02,4.973163E-02,2.813350E-02,1.446452E-02,6.694189E-03,3.142356E-03,1.453547E-03,6.691004E-04,2.688575E-04,9.590378E-05,3.096417E-05,8.704673E-06,2.058019E-06,3.972590E-07,6.097599E-08
-8.31787,40.80000,0.00000,5.522672E-01,5.389509E-01,5.146105E-01,4.762027E-01,4.232719E-01,3.590473E-01,2.898899E-01,2.229808E-01,1.637237E-01,1.146961E-01,7.633074E-02,4.800718E-02,2.648737E-02,1.370947E-02,6.513103E-03,2.951064E-03,1.374386E-03,6.359072E-04,2.709242E-04,9.704117E-05,3.145336E-05,8.886910E-06,2.116393E-06,4.126639E-07,6.419103E-08
-8.31787,40.90000,0.00000,5.510018E-01,5.372654E-01,5.123256E-01,4.732161E-01,4.196396E-01,3.550127E-01,2.858167E-01,2.192218E-01,1.605098E-01,1.121171E-01,7.437225E-02,4.659590E-02,2.588807E-02,1.342050E-02,6.381867E-03,2.766073E-03,1.269951E-03,5.766823E-04,2.568658E-04,9.830305E-05,3.196593E-05,9.073385E-06,2.175981E-06,4.285300E-07,6.755725E-08
-8.31787,41.00000,0.00000,5.409302E-01,5.271673E-01,5.022426E-01,4.632740E-01,4.100850E-01,3.461854E-01,2.780575E-01,2.127602E-01,1.554141E-01,1.083126E-01,7.168873E-02,4.481012E-02,2.496121E-02,1.281753E-02,6.208180E-03,2.692431E-03,1.191892E-03,5.378724E-04,2.372504E-04,1.002786E-04,3.285368E-05,9.363836E-06,2.256230E-06,4.469210E-07,7.097405E-08
-8.31787,41.10000,0.00000,5.332020E-01,5.193399E-01,4.943251E-01,4.553687E-01,4.024160E-01,3.390766E-01,2.718304E-01,2.076212E-01,1.514048E-01,1.053419E-01,6.959598E-02,4.340961E-02,2.448439E-02,1.233338E-02,6.039877E-03,2.674288E-03,1.137827E-03,5.123526E-04,2.250243E-04,9.450969E-05,3.611820E-05,1.065302E-05,2.679773E-06,5.589645E-07,9.426518E-08
-8.31787,41.20000,0.00000,5.233763E-01,5.095218E-01,4.845932E-01,4.458950E-01,3.934808E-01,3.310187E-01,2.649441E-01,2.020581E-01,1.471483E-01,1.022486E-01,6.745720E-02,4.199828E-02,2.393956E-02,1.204736E-02,5.833940E-03,2.651657E-03,1.106039E-03,4.860183E-04,2.133269E-04,8.980023E-05,3.561305E-05,1.062884E-05,2.631496E-06,5.394825E-07,8.940081E-08
-8.31787,41.30000,0.00000,4.973800E-01,4.843391E-01,4.607292E-01,4.239424E-01,3.740383E-01,3.145602E-01,2.516853E-01,1.919013E-01,1.397540E-01,9.715421E-02,6.415962E-02,3.999794E-02,2.348400E-02,1.188758E-02,5.655094E-03,2.639604E-03,1.107979E-03,4.478926E-04,1.914318E-04,7.919646E-05,3.097361E-05,1.123281E-05,2.797131E-06,5.667949E-07,9.223073E-08
-8.31787,41.40000,0.00000,4.925869E-01,4.793062E-01,4.554029E-01,4.183729E-01,3.684259E-01,3.092248E-01,2.469571E-01,1.879980E-01,1.367279E-01,9.492734E-02,6.259030E-02,3.893000E-02,2.277127E-02,1.173532E-02,5.442056E-03,2.506881E-03,1.100413E-03,4.452829E-04,1.793441E-04,7.360844E-05,2.870276E-05,1.038183E-05,2.766428E-06,5.517078E-07,8.790106E-08
-8.31787,41.50000,0.00000,4.836571E-01,4.703036E-01,4.463764E-01,4.094837E-01,3.599672E-01,3.015668E-01,2.404225E-01,1.827517E-01,1.327547E-01,9.208209E-02,6.066495E-02,3.769588E-02,2.200807E-02,1.150472E-02,5.392016E-03,2.456853E-03,1.093674E-03,4.430518E-04,1.729298E-04,7.125969E-05,2.795833E-05,1.017969E-05,2.744077E-06,5.436980E-07,8.587818E-08
-8.31787,41.60000,0.00000,4.799412E-01,4.662856E-01,4.419869E-01,4.047714E-01,3.551413E-01,2.969554E-01,2.363524E-01,1.794224E-01,1.301990E-01,9.021588E-02,5.935704E-02,3.681114E-02,2.142210E-02,1.115342E-02,5.336386E-03,2.365468E-03,1.052528E-03,4.454645E-04,1.732357E-04,7.017892E-05,2.771780E-05,1.014097E-05,2.789420E-06,5.545096E-07,8.812735E-08
-8.31787,41.70000,0.00000,4.502465E-01,4.376630E-01,4.151064E-01,3.803910E-01,3.339610E-01,2.794409E-01,2.225933E-01,1.691453E-01,1.229021E-01,8.531974E-02,5.628587E-02,3.502147E-02,2.043954E-02,1.095755E-02,5.308954E-03,2.369055E-03,1.017892E-03,4.379415E-04,1.769930E-04,6.912896E-05,2.746653E-05,1.009286E-05,2.910878E-06,5.866919E-07,9.511528E-08
-8.31787,41.80000,0.00000,4.446599E-01,4.318681E-01,4.090872E-01,3.742518E-01,3.279538E-01,2.739098E-01,2.178483E-01,1.653467E-01,1.200396E-01,8.326971E-02,5.488151E-02,3.409441E-02,1.983981E-02,1.078682E-02,5.245591E-03,2.388437E-03,1.032305E-03,4.303749E-04,1.706235E-04,6.589921E-05,2.580034E-05,9.411127E-06,3.014985E-06,6.162076E-07,1.019040E-07
-8.31787,41.90000,0.00000,4.417991E-01,4.286544E-01,4.054322E-01,3.701947E-01,3.237070E-01,2.698080E-01,2.142193E-01,1.623844E-01,1.177718E-01,8.161280E-02,5.371453E-02,3.329859E-02,1.931040E-02,1.044052E-02,5.071238E-03,2.400214E-03,1.042210E-03,4.354629E-04,1.726445E-04,6.640713E-05,2.539053E-05,9.298579E-06,3.061941E-06,6.325407E-07,1.058664E-07
-8.31787,42.00000,0.00000,4.318851E-01,4.187527E-01,3.956628E-01,3.608007E-01,3.150436E-01,2.622517E-01,2.080286E-01,1.576132E-01,1.142911E-01,7.919632E-02,5.211726E-02,3.229274E-02,1.870136E-02,1.008043E-02,4.979281E-03,2.307415E-03,1.026837E-03,4.256834E-04,1.712241E-04,6.552550E-05,2.532431E-05,9.292302E-06,3.062715E-06,6.310148E-07,1.054412E-07
-8.31787,42.10000,0.00000,3.988268E-01,3.870222E-01,3.660795E-01,3.342525E-01,2.922930E-01,2.437246E-01,1.937066E-01,1.470857E-01,1.069342E-01,7.434174E-02,4.913053E-02,3.059689E-02,1.780787E-02,9.631625E-03,4.829276E-03,2.232795E-03,9.814862E-04,4.090375E-04,1.662592E-04,6.478912E-05,2.524547E-05,9.279966E-06,3.011609E-06,6.125993E-07,1.008195E-07
-8.31787,42.20000,0.00000,3.960616E-01,3.839261E-01,3.625727E-01,3.303815E-01,2.882688E-01,2.398707E-01,1.903293E-01,1.443578E-01,1.048686E-01,7.284870E-02,4.808886E-02,2.989358E-02,1.734861E-02,9.343294E-03,4.658850E-03,2.157395E-03,9.482424E-04,3.959640E-04,1.598142E-04,6.366274E-05,2.448478E-05,8.965507E-06,2.932034E-06,5.860604E-07,9.422541E-08
-8.21787,36.90000,0.00000,8.931080E-01,8.697240E-01,8.337290E-01,7.820675E-01,7.134688E-01,6.296571E-01,5.353344E-01,4.369129E-01,3.411551E-01,2.541153E-01,1.802973E-01,1.218712E-01,7.852760E-02,4.818516E-02,2.805676E-02,1.542507E-02,7.968979E-03,3.850595E-03,1.727665E-03,7.102098E-04,2.619168E-04,8.436435E-05,2.306587E-05,5.211040E-06,9.499498E-07
-8.21787,37.00000,0.00000,9.189834E-01,9.128922E-01,9.005544E-01,8.779762E-01,8.401237E-01,7.821558E-01,7.021239E-01,6.035271E-01,4.947564E-01,3.855338E-01,2.839953E-01,1.962303E-01,1.263472E-01,7.567167E-02,4.226955E-02,2.206704E-02,1.072314E-02,4.796846E-03,1.947607E-03,7.081940E-04,2.277285E-04,6.380470E-05,1.528076E-05,3.057826E-06,4.986935E-07
-8.21787,37.10000,0.00000,9.203184E-01,9.142627E-01,9.019834E-01,8.794655E-01,8.416047E-01,7.834281E-01,7.028620E-01,6.034102E-01,4.936804E-01,3.836716E-01,2.816913E-01,1.938501E-01,1.241874E-01,7.392362E-02,4.100150E-02,2.124063E-02,1.023900E-02,4.543354E-03,1.830980E-03,6.622827E-04,2.127458E-04,5.988811E-05,1.449466E-05,2.944971E-06,4.892403E-07
-8.21787,37.20000,0.00000,9.207060E-01,9.146650E-01,9.024029E-01,8.798802E-01,8.419287E-01,7.834606E-01,7.022926E-01,6.019543E-01,4.912769E-01,3.805572E-01,2.782696E-01,1.905201E-01,1.212496E-01,7.155710E-02,3.926270E-02,2.008080E-02,9.540959E-03,4.168702E-03,1.654918E-03,5.914707E-04,1.889085E-04,5.329552E-05,1.301649E-05,2.678416E-06,4.508392E-07
-8.21787,37.30000,0.00000,9.208155E-01,9.147809E-01,9.025222E-01,8.799774E-01,8.419238E-01,7.831726E-01,7.014343E-01,6.002487E-01,4.886487E-01,3.772114E-01,2.745859E-01,1.868875E-01,1.179756E-01,6.884632E-02,3.721079E-02,1.867123E-02,8.666450E-03,3.679776E-03,1.409263E-03,4.813340E-04,1.454901E-04,3.857104E-05,8.830559E-06,1.705966E-06,2.703824E-07
-8.21787,37.40000,0.00000,9.224276E-01,9.163877E-01,9.041361E-01,8.816056E-01,8.435279E-01,7.846076E-01,7.024173E-01,6.004336E-01,4.878088E-01,3.754036E-01,2.721203E-01,1.841822E-01,1.154138E-01,6.669350E-02,3.559496E-02,1.759558E-02,8.040865E-03,3.368082E-03,1.279420E-03,4.376061E-04,1.341788E-04,3.652621E-05,8.637273E-06,1.718619E-06,2.779456E-07
-8.21787,37.50000,0.00000,9.245946E-01,9.185352E-01,9.062703E-01,8.837271E-01,8.455867E-01,7.864433E-01,7.037348E-01,6.008895E-01,4.871880E-01,3.737751E-01,2.698117E-01,1.816286E-01,1.130009E-01,6.467458E-02,3.408791E-02,1.660243E-02,7.473685E-03,3.091727E-03,1.164831E-03,3.963804E-04,1.207747E-04,3.245510E-05,7.501708E-06,1.445229E-06,2.246361E-07
-8.21787,37.60000,0.00000,9.240387E-01,9.179256E-01,9.055653E-01,8.828675E-01,8.444923E-01,7.850033E-01,7.018092E-01,5.983462E-01,4.840167E-01,3.701606E-01,2.660946E-01,1.781598E-01,1.100363E-01,6.234296E-02,3.241180E-02,1.552039E-02,6.859469E-03,2.790837E-03,1.039745E-03,3.530676E-04,1.086125E-04,2.980991E-05,7.098308E-06,1.416107E-06,2.287282E-07
-8.21787,37.70000,0.00000,9.251902E-01,9.190238E-01,9.065902E-01,8.837935E-01,8.452774E-01,7.855698E-01,7.020345E-01,5.980732E-01,4.831096E-01,3.685993E-01,2.640201E-01,1.758357E-01,1.077599E-01,6.035653E-02,3.085647E-02,1.442679E-02,6.169030E-03,2.398772E-03,8.395312E-04,2.619450E-04,7.242019E-05,1.762542E-05,3.724128E-06,6.671320E-07,9.816507E-08
-8.21787,37.80000,0.00000,9.262809E-01,9.200513E-01,9.075292E-01,8.846184E-01,8.459600E-01,7.860781E-01,7.023174E-01,5.980375E-01,4.826267E-01,3.675796E-01,2.625168E-01,1.740528E-01,1.059709E-01,5.879279E-02,2.964576E-02,1.359101E-02,5.654732E-03,2.118330E-03,7.055845E-04,2.069132E-04,5.341634E-05,1.224484E-05,2.505146E-06,4.511523E-07,6.899349E-08
-8.21787,37.90000,0.00000,9.237008E-01,9.173244E-01,9.045363E-01,8.812190E-01,8.420465E-01,7.816624E-01,6.975757E-01,5.932405E-01,4.780144E-01,3.633241E-01,2.587702E-01,1.709538E-01,1.035879E-01,5.709137E-02,2.851838E-02,1.290631E-02,5.283495E-03,1.944350E-03,6.372121E-04,1.849460E-04,4.776293E-05,1.109867E-05,2.324829E-06,4.296292E-07,6.719084E-08
-8.21787,38.00000,0.00000,9.248286E-01,9.183577E-01,9.054326E-01,8.819392E-01,8.425807E-01,7.820665E-01,6.979764E-01,5.937387E-01,4.785677E-01,3.637607E-01,2.589497E-01,1.708816E-01,1.033776E-01,5.685966E-02,2.832993E-02,1.278021E-02,5.213687E-03,1.913400E-03,6.266962E-04,1.823321E-04,4.730156E-05,1.102961E-05,2.306896E-06,4.228581E-07,6.523325E-08
-8.21787,38.10000,0.00000,9.239591E-01,9.173531E-01,9.042045E-01,8.803980E-01,8.406913E-01,7.799304E-01,6.958581E-01,5.919422E-01,4.772362E-01,3.628302E-01,2.582897E-01,1.704172E-01,1.030912E-01,5.672608E-02,2.830049E-02,1.280420E-02,5.255610E-03,1.952687E-03,6.541002E-04,1.972023E-04,5.360432E-05,1.310571E-05,2.833692E-06,5.245488E-07,7.986718E-08
-8.21787,38.20000,0.00000,9.250114E-01,9.182916E-01,9.049703E-01,8.809450E-01,8.410187E-01,7.801560E-01,6.962330E-01,5.927157E-01,4.784352E-01,3.642241E-01,2.595894E-01,1.714805E-01,1.039258E-01,5.738120E-02,2.826037E-02,1.289010E-02,5.474395E-03,2.077299E-03,7.186240E-04,2.272437E-04,6.582055E-05,1.729157E-05,4.003777E-06,7.846946E-07,1.249863E-07
-8.21787,38.30000,0.00000,9.234971E-01,9.166025E-01,9.029907E-01,8.785605E-01,8.382043E-01,7.770971E-01,6.933699E-01,5.905549E-01,4.772268E-01,3.638513E-01,2.597494E-01,1.719130E-01,1.044696E-01,5.606251E-02,2.722730E-02,1.246931E-02,5.473519E-03,2.158032E-03,7.507312E-04,2.380660E-04,6.888302E-05,1.799844E-05,4.130206E-06,8.005974E-07,1.259954E-07
-8.21787,38.40000,0.00000,9.183458E-01,9.111862E-01,8.971004E-01,8.719605E-01,8.307605E-01,7.689661E-01,6.850955E-01,5.829021E-01,4.708205E-01,3.589334E-01,2.562319E-01,1.695664E-01,1.016370E-01,5.337979E-02,2.593322E-02,1.190920E-02,5.252964E-03,2.161463E-03,7.569967E-04,2.415698E-04,7.023240E-05,1.841434E-05,4.241520E-06,8.271541E-07,1.314338E-07
-8.21787,38.50000,0.00000,9.157513E-01,9.083906E-01,8.939667E-01,8.683566E-01,8.266657E-01,7.646090E-01,6.809914E-01,5.796514E-01,4.687747E-01,3.580620E-01,2.562583E-01,1.699178E-01,9.787492E-02,5.144051E-02,2.508253E-02,1.158941E-02,5.147628E-03,2.203729E-03,8.351399E-04,2.716776E-04,8.000899E-05,2.106230E-05,4.840051E-06,9.412626E-07,1.498961E-07
-8.21787,38.60000,0.00000,9.113857E-01,9.037923E-01,8.889629E-01,8.627785E-01,8.204667E-01,7.580238E-01,6.745858E-01,5.741209E-01,4.646112E-01,3.553876E-01,2.549159E-01,1.625285E-01,9.355062E-02,4.926591E-02,2.413868E-02,1.122954E-02,5.022706E-03,2.161998E-03,8.926752E-04,3.534488E-04,1.170768E-04,3.440209E-05,8.791683E-06,1.884489E-06,3.280178E-07
-8.21787,38.70000,0.00000,9.103047E-01,9.025155E-01,8.873620E-01,8.607190E-01,8.178833E-01,7.550410E-01,6.715818E-01,5.716028E-01,4.629406E-01,3.546266E-01,2.466546E-01,1.553365E-01,8.912127E-02,4.685058E-02,2.295739E-02,1.085070E-02,4.917454E-03,2.063605E-03,8.486895E-04,3.330725E-04,1.246639E-04,3.945838E-05,1.007453E-05,2.149178E-06,3.721271E-07
-8.21787,38.80000,0.00000,9.049339E-01,8.968757E-01,8.812569E-01,8.539479E-01,8.103656E-01,7.469726E-01,6.634930E-01,5.641971E-01,4.567974E-01,3.466195E-01,2.371692E-01,1.487740E-01,8.508071E-02,4.463758E-02,2.194257E-02,1.077732E-02,4.904852E-03,2.061221E-03,8.237758E-04,3.247306E-04,1.218986E-04,3.971832E-05,1.010076E-05,2.145634E-06,3.697799E-07
-8.21787,38.90000,0.00000,8.995085E-01,8.911916E-01,8.751183E-01,8.471415E-01,8.027747E-01,7.387232E-01,6.550459E-01,5.562499E-01,4.500258E-01,3.361003E-01,2.292544E-01,1.434696E-01,8.196587E-02,4.304905E-02,2.177100E-02,1.059367E-02,4.824689E-03,2.081344E-03,8.157341E-04,3.228211E-04,1.215054E-04,3.994081E-05,1.001866E-05,2.092341E-06,3.534663E-07
-8.21787,39.00000,0.00000,8.966047E-01,8.880626E-01,8.716030E-01,8.430566E-01,7.979836E-01,7.332547E-01,6.491810E-01,5.505046E-01,4.378165E-01,3.205573E-01,2.180964E-01,1.364090E-01,7.806578E-02,4.116331E-02,2.153680E-02,1.054764E-02,4.884971E-03,2.098220E-03,8.637787E-04,3.188535E-04,1.205821E-04,4.290012E-05,1.074108E-05,2.185025E-06,3.568902E-07
-8.21787,39.10000,0.00000,8.895047E-01,8.806857E-01,8.637332E-01,8.344548E-01,7.884964E-01,7.229499E-01,6.384496E-01,5.400273E-01,4.275857E-01,3.117875E-01,2.112782E-01,1.316784E-01,7.517913E-02,4.023426E-02,2.107918E-02,1.051050E-02,4.948077E-03,2.175844E-03,8.867622E-04,3.402644E-04,1.192738E-04,4.261662E-05,1.219357E-05,2.469886E-06,3.990657E-07
-8.21787,39.20000,0.00000,8.924553E-01,8.834329E-01,8.661489E-01,8.363491E-01,7.896075E-01,7.230102E-01,6.373236E-01,5.294894E-01,4.085898E-01,2.958633E-01,1.990431E-01,1.230753E-01,6.962591E-02,3.864739E-02,2.043489E-02,1.021061E-02,4.788192E-03,2.158522E-03,8.966397E-04,3.358348E-04,1.160699E-04,3.684598E-05,1.182784E-05,2.485200E-06,3.976504E-07
-8.21787,39.30000,0.00000,8.852741E-01,8.759362E-01,8.580894E-01,8.274351E-01,7.795981E-01,7.118465E-01,6.252535E-01,5.106521E-01,3.921821E-01,2.828517E-01,1.896961E-01,1.170557E-01,6.616975E-02,3.622500E-02,1.919661E-02,9.561739E-03,4.552368E-03,2.047362E-03,8.537805E-04,3.239309E-04,1.147591E-04,3.636100E-05,1.170413E-05,2.536824E-06,4.109471E-07
-8.21787,39.40000,0.00000,8.760089E-01,8.664027E-01,8.480650E-01,8.166693E-01,7.679137E-01,6.992640E-01,6.020864E-01,4.870400E-01,3.724616E-01,2.678301E-01,1.793216E-01,1.106231E-01,6.261165E-02,3.444662E-02,1.773356E-02,8.813264E-03,4.141869E-03,1.835879E-03,7.930372E-04,3.028580E-04,1.048612E-04,3.695739E-05,1.189210E-05,2.509085E-06,4.204630E-07
-8.21787,39.50000,0.00000,8.707377E-01,8.608652E-01,8.420507E-01,8.099142E-01,7.601557E-01,6.850660E-01,5.805040E-01,4.661736E-01,3.538797E-01,2.526366E-01,1.680112E-01,1.029780E-01,5.793408E-02,3.121056E-02,1.568771E-02,7.552219E-03,3.439566E-03,1.434242E-03,6.150022E-04,2.553795E-04,9.273474E-05,2.604811E-05,6.236662E-06,1.240119E-06,1.997633E-07
-8.21787,39.60000,0.00000,8.712078E-01,8.610832E-01,8.418323E-01,8.089913E-01,7.490685E-01,6.631377E-01,5.585890E-01,4.459998E-01,3.367791E-01,2.392786E-01,1.583938E-01,9.668627E-02,5.417131E-02,2.865952E-02,1.438354E-02,6.688169E-03,2.887163E-03,1.266416E-03,5.394474E-04,2.126837E-04,6.638895E-05,1.854941E-05,4.524567E-06,9.342161E-07,1.580712E-07
-8.21787,39.70000,0.00000,8.576487E-01,8.440405E-01,8.184888E-01,7.756280E-01,7.111344E-01,6.246940E-01,5.221916E-01,4.141594E-01,3.111317E-01,2.203311E-01,1.457003E-01,8.902243E-02,4.999182E-02,2.620065E-02,1.295514E-02,5.943047E-03,2.662280E-03,1.172219E-03,4.980388E-04,2.021300E-04,6.898833E-05,2.081221E-05,5.451478E-06,1.194228E-06,2.116978E-07
-8.21787,39.80000,0.00000,8.574811E-01,8.433904E-01,8.170848E-01,7.731869E-01,7.074804E-01,6.199285E-01,5.167418E-01,4.086116E-01,3.059909E-01,2.159207E-01,1.421943E-01,8.647502E-02,4.832562E-02,2.495785E-02,1.210860E-02,5.635108E-03,2.553507E-03,1.129130E-03,4.832816E-04,1.772567E-04,5.685761E-05,1.606739E-05,3.877195E-06,7.774563E-07,1.264856E-07
-8.21787,39.90000,0.00000,8.301659E-01,8.151166E-01,7.873299E-01,7.416930E-01,6.747150E-01,5.872769E-01,4.861676E-01,3.819178E-01,2.843156E-01,1.996348E-01,1.309799E-01,7.946281E-02,4.434653E-02,2.288523E-02,1.110056E-02,5.174570E-03,2.360640E-03,1.060147E-03,4.274898E-04,1.500475E-04,4.822343E-05,1.374164E-05,3.361260E-06,6.852966E-07,1.134120E-07
-8.21787,40.00000,0.00000,7.791576E-01,7.635310E-01,7.349396E-01,6.887907E-01,6.225890E-01,5.382262E-01,4.427601E-01,3.460395E-01,2.567102E-01,1.800006E-01,1.182249E-01,7.198232E-02,4.039681E-02,2.098126E-02,1.023424E-02,4.786586E-03,2.186226E-03,9.564957E-04,3.405838E-04,1.129735E-04,3.408073E-05,9.086704E-06,2.080305E-06,3.979321E-07,6.193378E-08
-8.21787,40.10000,0.00000,7.605373E-01,7.444872E-01,7.152883E-01,6.685377E-01,6.021196E-01,5.183693E-01,4.245680E-01,3.304242E-01,2.441977E-01,1.706877E-01,1.118443E-01,6.799255E-02,3.812177E-02,1.978573E-02,9.645768E-03,4.513577E-03,2.069840E-03,8.315456E-04,2.942485E-04,9.800542E-05,2.990285E-05,8.079821E-06,1.869221E-06,3.591371E-07,5.574419E-08
-8.21787,40.20000,0.00000,7.603170E-01,7.437353E-01,7.137563E-01,6.660188E-01,5.985631E-01,5.139801E-01,4.197870E-01,3.257582E-01,2.400358E-01,1.672364E-01,1.091705E-01,6.607439E-02,3.686727E-02,1.904750E-02,9.258339E-03,4.334393E-03,1.998651E-03,7.633329E-04,2.739878E-04,9.290696E-05,2.880079E-05,7.858589E-06,1.822161E-06,3.483451E-07,5.346096E-08
-8.21787,40.30000,0.00000,7.240346E-01,7.073150E-01,6.772518E-01,6.298130E-01,5.635754E-01,4.815776E-01,3.913531E-01,3.022252E-01,2.217212E-01,1.539299E-01,1.002571E-01,6.063826E-02,3.386470E-02,1.753710E-02,8.557659E-03,4.031876E-03,1.876674E-03,7.366256E-04,2.665528E-04,9.108734E-05,2.838849E-05,7.765984E-06,1.801160E-06,3.439309E-07,5.267625E-08
-8.21787,40.40000,0.00000,6.647183E-01,6.490636E-01,6.208175E-01,5.763901E-01,5.148417E-01,4.393773E-01,3.570844E-01,2.763995E-01,2.039626E-01,1.427761E-01,9.277126E-02,5.641974E-02,3.182669E-02,1.609865E-02,7.877950E-03,3.760758E-03,1.771807E-03,7.017528E-04,2.565150E-04,8.873981E-05,2.797693E-05,7.730011E-06,1.809803E-06,3.492582E-07,5.420708E-08
-8.21787,40.50000,0.00000,6.440924E-01,6.285176E-01,6.004647E-01,5.564885E-01,4.958548E-01,4.219323E-01,3.417982E-01,2.636926E-01,1.939786E-01,1.358572E-01,8.969244E-02,5.393850E-02,3.020221E-02,1.554097E-02,7.343207E-03,3.476722E-03,1.621004E-03,6.891140E-04,2.543485E-04,8.876998E-05,2.821082E-05,7.862133E-06,1.861112E-06,3.645308E-07,5.770736E-08
-8.21787,40.60000,0.00000,6.423002E-01,6.262599E-01,5.975486E-01,5.528005E-01,4.914547E-01,4.170918E-01,3.369399E-01,2.592301E-01,1.901855E-01,1.328335E-01,8.634784E-02,5.168226E-02,2.893521E-02,1.483589E-02,6.988359E-03,3.288979E-03,1.527006E-03,6.763884E-04,2.524032E-04,8.890590E-05,2.847255E-05,7.997244E-06,1.911519E-06,3.792258E-07,6.105108E-08
-8.21787,40.70000,0.00000,6.272078E-01,6.111826E-01,5.825810E-01,5.381697E-01,4.775632E-01,4.044591E-01,3.260449E-01,2.503532E-01,1.833490E-01,1.267494E-01,8.196059E-02,4.954103E-02,2.765165E-02,1.413105E-02,6.657514E-03,3.134849E-03,1.458927E-03,6.715958E-04,2.524187E-04,8.933357E-05,2.870528E-05,8.087947E-06,1.940617E-06,3.869632E-07,6.271326E-08
-8.21787,40.80000,0.00000,5.514636E-01,5.380698E-01,5.136220E-01,4.750957E-01,4.220716E-01,3.578164E-01,2.887114E-01,2.219281E-01,1.628435E-01,1.140082E-01,7.583400E-02,4.760550E-02,2.600601E-02,1.356220E-02,6.338622E-03,2.947013E-03,1.381050E-03,6.431667E-04,2.536494E-04,8.990315E-05,2.887417E-05,8.119081E-06,1.941396E-06,3.852472E-07,6.204940E-08
-8.21787,40.90000,0.00000,5.511076E-01,5.372786E-01,5.122090E-01,4.729501E-01,4.192384E-01,3.545236E-01,2.853035E-01,2.187365E-01,1.600815E-01,1.117582E-01,7.408964E-02,4.639669E-02,2.533339E-02,1.308477E-02,6.195767E-03,2.770070E-03,1.280947E-03,5.858578E-04,2.550274E-04,9.037179E-05,2.893392E-05,8.086537E-06,1.915530E-06,3.751542E-07,5.939792E-08
-8.21787,41.00000,0.00000,5.375807E-01,5.238649E-01,4.990261E-01,4.602057E-01,4.072511E-01,3.436827E-01,2.759602E-01,2.110965E-01,1.541640E-01,1.074281E-01,7.111008E-02,4.447341E-02,2.445053E-02,1.272418E-02,6.033336E-03,2.617374E-03,1.205301E-03,5.479836E-04,2.423619E-04,9.194486E-05,2.937734E-05,8.158354E-06,1.910617E-06,3.678944E-07,5.693090E-08
-8.21787,41.10000,0.00000,5.364793E-01,5.223392E-01,4.969156E-01,4.574431E-01,4.039303E-01,3.400655E-01,2.723912E-01,2.078731E-01,1.514541E-01,1.052743E-01,6.948140E-02,4.330421E-02,2.397663E-02,1.231931E-02,5.946349E-03,2.576105E-03,1.151736E-03,5.229609E-04,2.310391E-04,9.599471E-05,3.090042E-05,8.619570E-06,2.018442E-06,3.863049E-07,5.901120E-08
-8.21787,41.20000,0.00000,5.211368E-01,5.072603E-01,4.823182E-01,4.436448E-01,3.913270E-01,3.290524E-01,2.632435E-01,2.006663E-01,1.460698E-01,1.014653E-01,6.693663E-02,4.169588E-02,2.353162E-02,1.180232E-02,5.786194E-03,2.553677E-03,1.095866E-03,4.971977E-04,2.198574E-04,9.290863E-05,3.114320E-05,8.510850E-06,1.931761E-06,3.545043E-07,5.136798E-08
-8.21787,41.30000,0.00000,4.950496E-01,4.820319E-01,4.584785E-01,4.218063E-01,3.720950E-01,3.128888E-01,2.503347E-01,1.908739E-01,1.390143E-01,9.665139E-02,6.384351E-02,3.982526E-02,2.313459E-02,1.163557E-02,5.629724E-03,2.565198E-03,1.072078E-03,4.568645E-04,1.987166E-04,8.274952E-05,3.247916E-05,1.123094E-05,2.807200E-06,5.759115E-07,9.461991E-08
-8.21787,41.40000,0.00000,4.854501E-01,4.724046E-01,4.488876E-01,4.124203E-01,3.632057E-01,3.048597E-01,2.434835E-01,1.853655E-01,1.348339E-01,9.365095E-02,6.180635E-02,3.851106E-02,2.259683E-02,1.142531E-02,5.439862E-03,2.515067E-03,1.047322E-03,4.297538E-04,1.857291E-04,7.700963E-05,3.015762E-05,1.053798E-05,2.588285E-06,5.207100E-07,8.363817E-08
-8.21787,41.50000,0.00000,4.838382E-01,4.703853E-01,4.463276E-01,4.093000E-01,3.596796E-01,3.012320E-01,2.400965E-01,1.824678E-01,1.325226E-01,9.190147E-02,6.053723E-02,3.762415E-02,2.199252E-02,1.126686E-02,5.241551E-03,2.439260E-03,1.034890E-03,4.141410E-04,1.786764E-04,7.435924E-05,2.930397E-05,1.039152E-05,2.537232E-06,5.062768E-07,8.042315E-08
-8.21787,41.60000,0.00000,4.788758E-01,4.651946E-01,4.408799E-01,4.036840E-01,3.541319E-01,2.960853E-01,2.356593E-01,1.789057E-01,1.298322E-01,8.996674E-02,5.920167E-02,3.673340E-02,2.140879E-02,1.102627E-02,5.133475E-03,2.347542E-03,1.039767E-03,4.202227E-04,1.743349E-04,7.302633E-05,2.898083E-05,1.065340E-05,2.647400E-06,5.274686E-07,8.371463E-08
-8.21787,41.70000,0.00000,4.479711E-01,4.354241E-01,4.129489E-01,3.783838E-01,3.321871E-01,2.779699E-01,2.214544E-01,1.683184E-01,1.223357E-01,8.495644E-02,5.607621E-02,3.492582E-02,2.042510E-02,1.074385E-02,5.167007E-03,2.302514E-03,1.035874E-03,4.325463E-04,1.710742E-04,7.184407E-05,2.869197E-05,1.059788E-05,2.789245E-06,5.597537E-07,8.992996E-08
-8.21787,41.80000,0.00000,4.418538E-01,4.291286E-01,4.064753E-01,3.718525E-01,3.258600E-01,2.721920E-01,2.165263E-01,1.643873E-01,1.193791E-01,8.284236E-02,5.463299E-02,3.397974E-02,1.981904E-02,1.072056E-02,5.199227E-03,2.321509E-03,9.978762E-04,4.298261E-04,1.736901E-04,6.825942E-05,2.712986E-05,9.970715E-06,2.895041E-06,5.855667E-07,9.527532E-08
-8.21787,41.90000,0.00000,4.371598E-01,4.241651E-01,4.012014E-01,3.663550E-01,3.203869E-01,2.670946E-01,2.121268E-01,1.608584E-01,1.167214E-01,8.094209E-02,5.333433E-02,3.312594E-02,1.927043E-02,1.047199E-02,5.101388E-03,2.334506E-03,1.010395E-03,4.213574E-04,1.720064E-04,6.718632E-05,2.672575E-05,9.862395E-06,2.937462E-06,5.966184E-07,9.772160E-08
-8.21787,42.00000,0.00000,4.319679E-01,4.187550E-01,3.955630E-01,3.606041E-01,3.147856E-01,2.619852E-01,2.077993E-01,1.574411E-01,1.141727E-01,7.912175E-02,5.208064E-02,3.229279E-02,1.873482E-02,1.013691E-02,4.924352E-03,2.340713E-03,1.020047E-03,4.265720E-04,1.689306E-04,6.682210E-05,2.665381E-05,9.855240E-06,2.930165E-06,5.926719E-07,9.660688E-08
-8.21787,42.10000,0.00000,3.970118E-01,3.852372E-01,3.643652E-01,3.326701E-01,2.909138E-01,2.426059E-01,1.928675E-01,1.465029E-01,1.065582E-01,7.411975E-02,4.902004E-02,3.056607E-02,1.783071E-02,9.683923E-03,4.872058E-03,2.257531E-03,1.013537E-03,4.262823E-04,1.707584E-04,6.644712E-05,2.657173E-05,9.842690E-06,2.887583E-06,5.766793E-07,9.248925E-08
-8.21787,42.20000,0.00000,3.944458E-01,3.823322E-01,3.610363E-01,3.289581E-01,2.870244E-01,2.388602E-01,1.895727E-01,1.438352E-01,1.045346E-01,7.265466E-02,4.799581E-02,2.987273E-02,1.737620E-02,9.396293E-03,4.715709E-03,2.196197E-03,9.678059E-04,4.072083E-04,1.672741E-04,6.591807E-05,2.584407E-05,9.544651E-06,2.833610E-06,5.564527E-07,8.729740E-08
-8.11787,36.90000,0.00000,8.884211E-01,8.646901E-01,8.282058E-01,7.760137E-01,7.070289E-01,6.231772E-01,5.292652E-01,4.316500E-01,3.369243E-01,2.509491E-01,1.780839E-01,1.204256E-01,7.764956E-02,4.769746E-02,2.781706E-02,1.532615E-02,7.936863E-03,3.842485E-03,1.725108E-03,7.083149E-04,2.604496E-04,8.353295E-05,2.272142E-05,5.104544E-06,9.251319E-07
-8.11787,37.00000,0.00000,8.916190E-01,8.679222E-01,8.314139E-01,7.789864E-01,7.093776E-01,6.244407E-01,5.291290E-01,4.301260E-01,3.343545E-01,2.478495E-01,1.749596E-01,1.176465E-01,7.541797E-02,4.606564E-02,2.672694E-02,1.465597E-02,7.549560E-03,3.624743E-03,1.603327E-03,6.423747E-04,2.281367E-04,7.013761E-05,1.823398E-05,3.921479E-06,6.833299E-07
-8.11787,37.10000,0.00000,9.181877E-01,9.120085E-01,8.994960E-01,8.765972E-01,8.382103E-01,7.794469E-01,6.984150E-01,5.988161E-01,4.893360E-01,3.798985E-01,2.786656E-01,1.916114E-01,1.226716E-01,7.299069E-02,4.048034E-02,2.097450E-02,1.011344E-02,4.488167E-03,1.808344E-03,6.535660E-04,2.095479E-04,5.876981E-05,1.413659E-05,2.846926E-06,4.676012E-07
-8.11787,37.20000,0.00000,9.191573E-01,9.129953E-01,9.005080E-01,8.776175E-01,8.391483E-01,7.800822E-01,6.984054E-01,5.978411E-01,4.873065E-01,3.770277E-01,2.753531E-01,1.882820E-01,1.196695E-01,7.053951E-02,3.866502E-02,1.975748E-02,9.378175E-03,4.092297E-03,1.621737E-03,5.782251E-04,1.840493E-04,5.166240E-05,1.252548E-05,2.552089E-06,4.243108E-07
-8.11787,37.30000,0.00000,9.202007E-01,9.140459E-01,9.015729E-01,8.786820E-01,8.401285E-01,7.807634E-01,6.984310E-01,5.968612E-01,4.851971E-01,3.739987E-01,2.718156E-01,1.846677E-01,1.163341E-01,6.773294E-02,3.651735E-02,1.827128E-02,8.451110E-03,3.571398E-03,1.358482E-03,4.593619E-04,1.368479E-04,3.556664E-05,7.940986E-06,1.489718E-06,2.285059E-07
-8.11787,37.40000,0.00000,9.204245E-01,9.142481E-01,9.017324E-01,8.787521E-01,8.400009E-01,7.802259E-01,6.971843E-01,5.946366E-01,4.819602E-01,3.700311E-01,2.675911E-01,1.806595E-01,1.128873E-01,6.503008E-02,3.459513E-02,1.704875E-02,7.769650E-03,3.246635E-03,1.230499E-03,4.197636E-04,1.281834E-04,3.465776E-05,8.112643E-06,1.593111E-06,2.536989E-07
-8.11787,37.50000,0.00000,9.229417E-01,9.167523E-01,9.042405E-01,8.812794E-01,8.425161E-01,7.825857E-01,6.990938E-01,5.957245E-01,4.819550E-01,3.689393E-01,2.657040E-01,1.784090E-01,1.106780E-01,6.314264E-02,3.317007E-02,1.610556E-02,7.232791E-03,2.988810E-03,1.127089E-03,3.849090E-04,1.180311E-04,3.199591E-05,7.473121E-06,1.456966E-06,2.295946E-07
-8.11787,37.60000,0.00000,9.213588E-01,9.150994E-01,9.024516E-01,8.792569E-01,8.401335E-01,7.796916E-01,6.955417E-01,5.914529E-01,4.771041E-01,3.638848E-01,2.609154E-01,1.742564E-01,1.073423E-01,6.064364E-02,3.143754E-02,1.501594E-02,6.624596E-03,2.692675E-03,1.003041E-03,3.409484E-04,1.052015E-04,2.904945E-05,6.984605E-06,1.411957E-06,2.318219E-07
-8.11787,37.70000,0.00000,9.225115E-01,9.161971E-01,9.034714E-01,8.801686E-01,8.408840E-01,7.801880E-01,6.956444E-01,5.910014E-01,4.759881E-01,3.621242E-01,2.586873E-01,1.718356E-01,1.050196E-01,5.864713E-02,2.989390E-02,1.394323E-02,5.954367E-03,2.315121E-03,8.110514E-04,2.535528E-04,7.033405E-05,1.721233E-05,3.667488E-06,6.646101E-07,9.924773E-08
-8.11787,37.80000,0.00000,9.212312E-01,9.148208E-01,9.019238E-01,8.783557E-01,8.387120E-01,7.775944E-01,6.926234E-01,5.876004E-01,4.723026E-01,3.583091E-01,2.549590E-01,1.684311E-01,1.021350E-01,5.639344E-02,2.828398E-02,1.290242E-02,5.351325E-03,2.004395E-03,6.699171E-04,1.978300E-04,5.160426E-05,1.198853E-05,2.490761E-06,4.559889E-07,7.093701E-08
-8.11787,37.90000,0.00000,9.227327E-01,9.162364E-01,9.032171E-01,8.794906E-01,8.396559E-01,7.783298E-01,6.931437E-01,5.878668E-01,4.722150E-01,3.577704E-01,2.539991E-01,1.672328E-01,1.009400E-01,5.538480E-02,2.753952E-02,1.241708E-02,5.074587E-03,1.869323E-03,6.148781E-04,1.795407E-04,4.674536E-05,1.097121E-05,2.324270E-06,4.347288E-07,6.884622E-08
-8.11787,38.00000,0.00000,9.217887E-01,9.151662E-01,9.019360E-01,8.779038E-01,8.376995E-01,7.760288E-01,6.906367E-01,5.853356E-01,4.697885E-01,3.555051E-01,2.519530E-01,1.654884E-01,9.956768E-02,5.439627E-02,2.689219E-02,1.203888E-02,4.883349E-03,1.788414E-03,5.870652E-04,1.719225E-04,4.507427E-05,1.065583E-05,2.263243E-06,4.211891E-07,6.589480E-08
-8.11787,38.10000,0.00000,9.222066E-01,9.154657E-01,9.020469E-01,8.777589E-01,8.372649E-01,7.753683E-01,6.899368E-01,5.848053E-01,4.694961E-01,3.553530E-01,2.518154E-01,1.653319E-01,9.943376E-02,5.432031E-02,2.686921E-02,1.204481E-02,4.898559E-03,1.802753E-03,5.967029E-04,1.768210E-04,4.694072E-05,1.117296E-05,2.360061E-06,4.305899E-07,6.523418E-08
-8.11787,38.20000,0.00000,9.223104E-01,9.154549E-01,9.018616E-01,8.773478E-01,8.366367E-01,7.746614E-01,6.894216E-01,5.847363E-01,4.698997E-01,3.560131E-01,2.524703E-01,1.658544E-01,9.982979E-02,5.462799E-02,2.710203E-02,1.220392E-02,4.994165E-03,1.853630E-03,6.208430E-04,1.868668E-04,5.046729E-05,1.216867E-05,2.575408E-06,4.641209E-07,6.853026E-08
-8.11787,38.30000,0.00000,9.171836E-01,9.100894E-01,8.960688E-01,8.709278E-01,8.295020E-01,7.670045E-01,6.817772E-01,5.777822E-01,4.641159E-01,3.515244E-01,2.491677E-01,1.635597E-01,9.835289E-02,5.376153E-02,2.624766E-02,1.195071E-02,4.899655E-03,1.820064E-03,6.119193E-04,1.855007E-04,5.054057E-05,1.227310E-05,2.604147E-06,4.680698E-07,6.865206E-08
-8.11787,38.40000,0.00000,9.191864E-01,9.119565E-01,8.977359E-01,8.723269E-01,8.305994E-01,7.678721E-01,6.826254E-01,5.788493E-01,4.654531E-01,3.529354E-01,2.503881E-01,1.644687E-01,9.899468E-02,5.237603E-02,2.535811E-02,1.159957E-02,5.024648E-03,1.877603E-03,6.334474E-04,1.920638E-04,5.220027E-05,1.263556E-05,2.676716E-06,4.818464E-07,7.104511E-08
-8.11787,38.50000,0.00000,9.158353E-01,9.083802E-01,8.937684E-01,8.677918E-01,8.254218E-01,7.622340E-01,6.770370E-01,5.739725E-01,4.617570E-01,3.505192E-01,2.490745E-01,1.639889E-01,9.623121E-02,5.042279E-02,2.449919E-02,1.127454E-02,4.988673E-03,1.980750E-03,6.778196E-04,2.081230E-04,5.706267E-05,1.386136E-05,2.935009E-06,5.280835E-07,7.814625E-08
-8.11787,38.60000,0.00000,9.113845E-01,9.036804E-01,8.886353E-01,8.620356E-01,8.189695E-01,7.552928E-01,6.701548E-01,5.678458E-01,4.568988E-01,3.470899E-01,2.469571E-01,1.598104E-01,9.170049E-02,4.811233E-02,2.346628E-02,1.086166E-02,4.836541E-03,2.076513E-03,7.493200E-04,2.402474E-04,6.914372E-05,1.757822E-05,3.853820E-06,7.082936E-07,1.059336E-07
-8.11787,38.70000,0.00000,9.076527E-01,8.997371E-01,8.843278E-01,8.572164E-01,8.135981E-01,7.495780E-01,6.645989E-01,5.630685E-01,4.533323E-01,3.448104E-01,2.429634E-01,1.524421E-01,8.704320E-02,4.547006E-02,2.210525E-02,1.021276E-02,4.544149E-03,1.949565E-03,8.032465E-04,2.631326E-04,7.678359E-05,1.968251E-05,4.324030E-06,7.925868E-07,1.179785E-07
-8.11787,38.80000,0.00000,9.042929E-01,8.961251E-01,8.802855E-01,8.525524E-01,8.082076E-01,7.435815E-01,6.584102E-01,5.572662E-01,4.483905E-01,3.409310E-01,2.351688E-01,1.471357E-01,8.386858E-02,4.381739E-02,2.135339E-02,9.907209E-03,4.428171E-03,1.905797E-03,7.861879E-04,2.665130E-04,7.816830E-05,2.009915E-05,4.418609E-06,8.085706E-07,1.198983E-07
-8.11787,38.90000,0.00000,9.003847E-01,8.919817E-01,8.757375E-01,8.474184E-01,8.023903E-01,7.372016E-01,6.518788E-01,5.511841E-01,4.432999E-01,3.342150E-01,2.274316E-01,1.419192E-01,8.079475E-02,4.224978E-02,2.065898E-02,9.635909E-03,4.332758E-03,1.875135E-03,7.771947E-04,2.751237E-04,8.058972E-05,2.063372E-05,4.504719E-06,8.161068E-07,1.193359E-07
-8.11787,39.00000,0.00000,8.921230E-01,8.834169E-01,8.666292E-01,8.375094E-01,7.915449E-01,7.255766E-01,6.400176E-01,5.399121E-01,4.334549E-01,3.181076E-01,2.158695E-01,1.346215E-01,7.678560E-02,4.032804E-02,1.984076E-02,9.318422E-03,4.218631E-03,1.837498E-03,7.662342E-04,2.891666E-04,8.575193E-05,2.207998E-05,4.809411E-06,8.622781E-07,1.237805E-07
-8.11787,39.10000,0.00000,8.914375E-01,8.825291E-01,8.654066E-01,8.357874E-01,7.891718E-01,7.224950E-01,6.363622E-01,5.360348E-01,4.194393E-01,3.042381E-01,2.048873E-01,1.267220E-01,7.163927E-02,3.727430E-02,1.911373E-02,9.085431E-03,4.144042E-03,1.705459E-03,7.170258E-04,2.919372E-04,9.336782E-05,2.428072E-05,5.311732E-06,9.506966E-07,1.353329E-07
-8.11787,39.20000,0.00000,8.886113E-01,8.794317E-01,8.618383E-01,8.315039E-01,7.839397E-01,7.162150E-01,6.292011E-01,5.247905E-01,4.040790E-01,2.919582E-01,1.960044E-01,1.209455E-01,6.826466E-02,3.547496E-02,1.833396E-02,8.655185E-03,3.951503E-03,1.665558E-03,6.604302E-04,2.639132E-04,9.536291E-05,2.496400E-05,5.477511E-06,9.806199E-07,1.393259E-07
-8.11787,39.30000,0.00000,8.811987E-01,8.717358E-01,8.536343E-01,8.225347E-01,7.740161E-01,7.053488E-01,6.177071E-01,5.093691E-01,3.906049E-01,2.811894E-01,1.881482E-01,1.157676E-01,6.520873E-02,3.385585E-02,1.747966E-02,8.318699E-03,3.804371E-03,1.586891E-03,6.362168E-04,2.551194E-04,9.452217E-05,2.508679E-05,5.575289E-06,1.010198E-06,1.453165E-07
-8.11787,39.40000,0.00000,8.752455E-01,8.655148E-01,8.469354E-01,8.151082E-01,7.656494E-01,6.939010E-01,5.897619E-01,4.749907E-01,3.615717E-01,2.587904E-01,1.724588E-01,1.058481E-01,5.953201E-02,3.185839E-02,1.610015E-02,7.650792E-03,3.506770E-03,1.451456E-03,6.016421E-04,2.464407E-04,8.741597E-05,2.364617E-05,5.380439E-06,1.000657E-06,1.480551E-07
-8.11787,39.50000,0.00000,8.700674E-01,8.600718E-01,8.410200E-01,8.084609E-01,7.580187E-01,6.872371E-01,5.833326E-01,4.681284E-01,3.549536E-01,2.529739E-01,1.678038E-01,1.025047E-01,5.741340E-02,2.968361E-02,1.461937E-02,6.810449E-03,3.051607E-03,1.352579E-03,5.806439E-04,2.114061E-04,6.370671E-05,1.675802E-05,3.744609E-06,6.913537E-07,1.026344E-07
-8.11787,39.60000,0.00000,8.707155E-01,8.604700E-01,8.409865E-01,8.074988E-01,7.443878E-01,6.576760E-01,5.525724E-01,4.399042E-01,3.311845E-01,2.346355E-01,1.549574E-01,9.438799E-02,5.275042E-02,2.719166E-02,1.340184E-02,6.112628E-03,2.737166E-03,1.201770E-03,5.103551E-04,1.710550E-04,5.114268E-05,1.355755E-05,3.094998E-06,5.890699E-07,9.057177E-08
-8.11787,39.70000,0.00000,8.646265E-01,8.526509E-01,8.272162E-01,7.843766E-01,7.195677E-01,6.322495E-01,5.283023E-01,4.185154E-01,3.137733E-01,2.215653E-01,1.459696E-01,8.878024E-02,4.959432E-02,2.558143E-02,1.238123E-02,5.739662E-03,2.586125E-03,1.134728E-03,4.565448E-04,1.532625E-04,4.689444E-05,1.271450E-05,2.954097E-06,5.689488E-07,8.813214E-08
-8.11787,39.80000,0.00000,8.576494E-01,8.435079E-01,8.171026E-01,7.730260E-01,7.070383E-01,6.191218E-01,5.155699E-01,4.071812E-01,3.044749E-01,2.144869E-01,1.409646E-01,8.551485E-02,4.764575E-02,2.452235E-02,1.185528E-02,5.499691E-03,2.486051E-03,1.097593E-03,4.354444E-04,1.501918E-04,4.759481E-05,1.349867E-05,3.327831E-06,6.926714E-07,1.183863E-07
-8.11787,39.90000,0.00000,8.313969E-01,8.163022E-01,7.884223E-01,7.426068E-01,6.753311E-01,5.874889E-01,4.859459E-01,3.813426E-01,2.835292E-01,1.987766E-01,1.301624E-01,7.876871E-02,4.382329E-02,2.253653E-02,1.089422E-02,5.064562E-03,2.306494E-03,1.034545E-03,3.870780E-04,1.349699E-04,4.353549E-05,1.260362E-05,3.167283E-06,6.690121E-07,1.153652E-07
-8.11787,40.00000,0.00000,7.778130E-01,7.620910E-01,7.333296E-01,6.869231E-01,6.203994E-01,5.357208E-01,4.400525E-01,3.433334E-01,2.542304E-01,1.779180E-01,1.166240E-01,7.085866E-02,3.967967E-02,2.056623E-02,1.001651E-02,4.682925E-03,2.141195E-03,8.928890E-04,3.148355E-04,1.038825E-04,3.141781E-05,8.480019E-06,1.984034E-06,3.908438E-07,6.302189E-08
-8.11787,40.10000,0.00000,7.607983E-01,7.446634E-01,7.153146E-01,6.683308E-01,6.015999E-01,5.175065E-01,4.234179E-01,3.291213E-01,2.428986E-01,1.695178E-01,1.108788E-01,6.726216E-02,3.762049E-02,1.947758E-02,9.477668E-03,4.432524E-03,2.035265E-03,7.778067E-04,2.725565E-04,9.029874E-05,2.761737E-05,7.549249E-06,1.781817E-06,3.515497E-07,5.630032E-08
-8.11787,40.20000,0.00000,7.571362E-01,7.405084E-01,7.104474E-01,6.626078E-01,5.950779E-01,5.105194E-01,4.165068E-01,3.228290E-01,2.375830E-01,1.653161E-01,1.077713E-01,6.513257E-02,3.628755E-02,1.872429E-02,9.096351E-03,4.262037E-03,1.932741E-03,7.132662E-04,2.532121E-04,8.532691E-05,2.649333E-05,7.305592E-06,1.725559E-06,3.380378E-07,5.338649E-08
-8.11787,40.30000,0.00000,7.243555E-01,7.075327E-01,6.772934E-01,6.295916E-01,5.630130E-01,4.806487E-01,3.901107E-01,3.007959E-01,2.202558E-01,1.525656E-01,9.909932E-02,5.975270E-02,3.326553E-02,1.718488E-02,8.380077E-03,3.956003E-03,1.849879E-03,6.879829E-04,2.459310E-04,8.343950E-05,2.603097E-05,7.194067E-06,1.699452E-06,3.325510E-07,5.241909E-08
-8.11787,40.40000,0.00000,6.526124E-01,6.371471E-01,6.091934E-01,5.652125E-01,5.043340E-01,4.298137E-01,3.487266E-01,2.694321E-01,1.984679E-01,1.391782E-01,9.105611E-02,5.475045E-02,3.088904E-02,1.560895E-02,7.661091E-03,3.668436E-03,1.736600E-03,6.526202E-04,2.356645E-04,8.098964E-05,2.558514E-05,7.151693E-06,1.708659E-06,3.387347E-07,5.426820E-08
-8.11787,40.50000,0.00000,6.511441E-01,6.352032E-01,6.065686E-01,5.617750E-01,5.001171E-01,4.250676E-01,3.438652E-01,2.648811E-01,1.945266E-01,1.359852E-01,8.836233E-02,5.307468E-02,2.975811E-02,1.507366E-02,7.268154E-03,3.444291E-03,1.609912E-03,6.406399E-04,2.334352E-04,8.091932E-05,2.577914E-05,7.277545E-06,1.761987E-06,3.556932E-07,5.836017E-08
-8.11787,40.60000,0.00000,6.419776E-01,6.258463E-01,5.969921E-01,5.520583E-01,4.905162E-01,4.159999E-01,3.357877E-01,2.581243E-01,1.892085E-01,1.312438E-01,8.462048E-02,5.125046E-02,2.863186E-02,1.436347E-02,6.918340E-03,3.263246E-03,1.520228E-03,6.274147E-04,2.311431E-04,8.088401E-05,2.598214E-05,7.401270E-06,1.813089E-06,3.717697E-07,6.223647E-08
-8.11787,40.70000,0.00000,6.209455E-01,6.049895E-01,5.765052E-01,5.322933E-01,4.720145E-01,3.994004E-01,3.216308E-01,2.466900E-01,1.804764E-01,1.245895E-01,8.032069E-02,4.867068E-02,2.717822E-02,1.369729E-02,6.563497E-03,3.104036E-03,1.452704E-03,6.221810E-04,2.307258E-04,8.108909E-05,2.613068E-05,7.468525E-06,1.837878E-06,3.792129E-07,6.399970E-08
-8.11787,40.80000,0.00000,5.527722E-01,5.391959E-01,5.144787E-01,4.756148E-01,4.222324E-01,3.576612E-01,2.883318E-01,2.214314E-01,1.623205E-01,1.135231E-01,7.542867E-02,4.670262E-02,2.559202E-02,1.341636E-02,6.155861E-03,2.932652E-03,1.381179E-03,6.217801E-04,2.313563E-04,8.137600E-05,2.618924E-05,7.463590E-06,1.828789E-06,3.752265E-07,6.289317E-08
-8.11787,40.90000,0.00000,5.427420E-01,5.291356E-01,5.044207E-01,4.656738E-01,4.126452E-01,3.487676E-01,2.804838E-01,2.148778E-01,1.571449E-01,1.096594E-01,7.270762E-02,4.556397E-02,2.476050E-02,1.284229E-02,5.976245E-03,2.752858E-03,1.282811E-03,5.931622E-04,2.318942E-04,8.145766E-05,2.609391E-05,7.377281E-06,1.786785E-06,3.609535E-07,5.932797E-08
-8.11787,41.00000,0.00000,5.365316E-01,5.227561E-01,4.978392E-01,4.589440E-01,4.059534E-01,3.424187E-01,2.748080E-01,2.101131E-01,1.533725E-01,1.068250E-01,7.067902E-02,4.414891E-02,2.394587E-02,1.240095E-02,5.827340E-03,2.614730E-03,1.212360E-03,5.570752E-04,2.341438E-04,8.208785E-05,2.613554E-05,7.312761E-06,1.744792E-06,3.454967E-07,5.535919E-08
-8.11787,41.10000,0.00000,5.345144E-01,5.203535E-01,4.949135E-01,4.554527E-01,4.020149E-01,3.383099E-01,2.708763E-01,2.066441E-01,1.505136E-01,1.045949E-01,6.902307E-02,4.281654E-02,2.329306E-02,1.204981E-02,5.705819E-03,2.506624E-03,1.160849E-03,5.326909E-04,2.383906E-04,8.391163E-05,2.661786E-05,7.384726E-06,1.739434E-06,3.386800E-07,5.314787E-08
-8.11787,41.20000,0.00000,5.208964E-01,5.069201E-01,4.818434E-01,4.430270E-01,3.906011E-01,3.282908E-01,2.625285E-01,2.000548E-01,1.455808E-01,1.010934E-01,6.667036E-02,4.152520E-02,2.298568E-02,1.177897E-02,5.664824E-03,2.440401E-03,1.107554E-03,5.074638E-04,2.267264E-04,8.997696E-05,2.894066E-05,8.115489E-06,1.924532E-06,3.758958E-07,5.902133E-08
-8.11787,41.30000,0.00000,4.905637E-01,4.776460E-01,4.542698E-01,4.178781E-01,3.685664E-01,3.098645E-01,2.478717E-01,1.889685E-01,1.376166E-01,9.568858E-02,6.323374E-02,3.948243E-02,2.243532E-02,1.122596E-02,5.498673E-03,2.435774E-03,1.033341E-03,4.664421E-04,2.046994E-04,8.560129E-05,3.285503E-05,9.543053E-06,2.339589E-06,4.703391E-07,7.568013E-08
-8.11787,41.40000,0.00000,4.846368E-01,4.715194E-01,4.479142E-01,4.113718E-01,3.621318E-01,3.038349E-01,2.425779E-01,1.846186E-01,1.342520E-01,9.322186E-02,6.151274E-02,3.833414E-02,2.217788E-02,1.107135E-02,5.283734E-03,2.366558E-03,9.801522E-04,4.388467E-04,1.910719E-04,7.949019E-05,2.612316E-05,6.927637E-06,1.526506E-06,2.718326E-07,3.812968E-08
-8.11787,41.50000,0.00000,4.815014E-01,4.680661E-01,4.440590E-01,4.071418E-01,3.577152E-01,2.995462E-01,2.387436E-01,1.814502E-01,1.318004E-01,9.141729E-02,6.023587E-02,3.745946E-02,2.144725E-02,1.077984E-02,5.133315E-03,2.318995E-03,9.441673E-04,4.213402E-04,1.830487E-04,7.620927E-05,2.692190E-05,7.347439E-06,1.682564E-06,3.136947E-07,4.632722E-08
-8.11787,41.60000,0.00000,4.694331E-01,4.561248E-01,4.324117E-01,3.960683E-01,3.475881E-01,2.907405E-01,2.315113E-01,1.758391E-01,1.276763E-01,8.854340E-02,5.834205E-02,3.627810E-02,2.116691E-02,1.070539E-02,5.076730E-03,2.338326E-03,9.619813E-04,4.081576E-04,1.777561E-04,7.437568E-05,2.940303E-05,8.718459E-06,2.083006E-06,4.056197E-07,6.260667E-08
-8.11787,41.70000,0.00000,4.453017E-01,4.327881E-01,4.103915E-01,3.759778E-01,3.300225E-01,2.761282E-01,2.199785E-01,1.672016E-01,1.215354E-01,8.441763E-02,5.574475E-02,3.475133E-02,2.036160E-02,1.068484E-02,4.968149E-03,2.278554E-03,9.963760E-04,3.991791E-04,1.733084E-04,7.295440E-05,2.903623E-05,9.898300E-06,2.388062E-06,4.699055E-07,7.350125E-08
-8.11787,41.80000,0.00000,4.373091E-01,4.247015E-01,4.022575E-01,3.679624E-01,3.224227E-01,2.693059E-01,2.142311E-01,1.626588E-01,1.181505E-01,8.202986E-02,5.414839E-02,3.373439E-02,1.973047E-02,1.043544E-02,5.022405E-03,2.232828E-03,1.007237E-03,4.167663E-04,1.659441E-04,6.926741E-05,2.744892E-05,1.005567E-05,2.570888E-06,5.075304E-07,7.986753E-08
-8.11787,41.90000,0.00000,4.354211E-01,4.224337E-01,3.995068E-01,3.647520E-01,3.189496E-01,2.658934E-01,2.111975E-01,1.601917E-01,1.162731E-01,8.065943E-02,5.317247E-02,3.305225E-02,1.926004E-02,1.015262E-02,4.985658E-03,2.236195E-03,9.658872E-04,4.231518E-04,1.655178E-04,6.789696E-05,2.702855E-05,9.944903E-06,2.625366E-06,5.190607E-07,8.200660E-08
-8.11787,42.00000,0.00000,4.187200E-01,4.061177E-01,3.838960E-01,3.502770E-01,3.060860E-01,2.550340E-01,2.025252E-01,1.536321E-01,1.115623E-01,7.744957E-02,5.110935E-02,3.180552E-02,1.854420E-02,1.004469E-02,4.942637E-03,2.257225E-03,9.777689E-04,4.082873E-04,1.686347E-04,6.744851E-05,2.694567E-05,9.935961E-06,2.640301E-06,5.202163E-07,8.191019E-08
-8.11787,42.10000,0.00000,3.956873E-01,3.839054E-01,3.630471E-01,3.314109E-01,2.897766E-01,2.416488E-01,1.921214E-01,1.459619E-01,1.061909E-01,7.388787E-02,4.889022E-02,3.051207E-02,1.783060E-02,9.716700E-03,4.782103E-03,2.291862E-03,9.993740E-04,4.163850E-04,1.682061E-04,6.702860E-05,2.685682E-05,9.922438E-06,2.659373E-06,5.190282E-07,8.075519E-08
-8.11787,42.20000,0.00000,3.885170E-01,3.766263E-01,3.557007E-01,3.241573E-01,2.829034E-01,2.355021E-01,1.869784E-01,1.419342E-01,1.032202E-01,7.181256E-02,4.751470E-02,2.964526E-02,1.730536E-02,9.405147E-03,4.745606E-03,2.204096E-03,9.907606E-04,4.186548E-04,1.690177E-04,6.570124E-05,2.612890E-05,9.625275E-06,2.738509E-06,5.308631E-07,8.174575E-08
-8.01787,36.90000,0.00000,8.833783E-01,8.592331E-01,8.221888E-01,7.694148E-01,7.000330E-01,6.161808E-01,5.227568E-01,4.260402E-01,3.324289E-01,2.475783E-01,1.757054E-01,1.188408E-01,7.665522E-02,4.711652E-02,2.750796E-02,1.518051E-02,7.877017E-03,3.820493E-03,1.716968E-03,7.047126E-04,2.585632E-04,8.257029E-05,2.230791E-05,4.964845E-06,8.891457E-07
-8.01787,37.00000,0.00000,8.871027E-01,8.629480E-01,8.258257E-01,7.727389E-01,7.026326E-01,6.175845E-01,5.226613E-01,4.244803E-01,3.297709E-01,2.443638E-01,1.724649E-01,1.159655E-01,7.435516E-02,4.544077E-02,2.639105E-02,1.449445E-02,7.481309E-03,3.599019E-03,1.593918E-03,6.384955E-04,2.262682E-04,6.922644E-05,1.784836E-05,3.791199E-06,6.495377E-07
-8.01787,37.10000,0.00000,9.149743E-01,9.086320E-01,8.958077E-01,8.724003E-01,8.333108E-01,7.737647E-01,6.921074E-01,5.922982E-01,4.831444E-01,3.744997E-01,2.743457E-01,1.884511E-01,1.205666E-01,7.171668E-02,3.977680E-02,2.061893E-02,9.948892E-03,4.418948E-03,1.781971E-03,6.443079E-04,2.063837E-04,5.766496E-05,1.375948E-05,2.734374E-06,4.407017E-07
-8.01787,37.20000,0.00000,9.157915E-01,9.094671E-01,8.966665E-01,8.732578E-01,8.340653E-01,7.741805E-01,6.918278E-01,5.910035E-01,4.807608E-01,3.712752E-01,2.707092E-01,1.848453E-01,1.173437E-01,6.909952E-02,3.784561E-02,1.932687E-02,9.169062E-03,3.999144E-03,1.584105E-03,5.644838E-04,1.794198E-04,5.017350E-05,1.206910E-05,2.426849E-06,3.958848E-07
-8.01787,37.30000,0.00000,9.147028E-01,9.083708E-01,8.955314E-01,8.720150E-01,8.325809E-01,7.722337E-01,6.891376E-01,5.873711E-01,4.762520E-01,3.662418E-01,2.656281E-01,1.801290E-01,1.132718E-01,6.582624E-02,3.541452E-02,1.767496E-02,8.149379E-03,3.429539E-03,1.297534E-03,4.359652E-04,1.289947E-04,3.329609E-05,7.379454E-06,1.371632E-06,2.076722E-07
-8.01787,37.40000,0.00000,9.173058E-01,9.109704E-01,8.981446E-01,8.746423E-01,8.351417E-01,7.744849E-01,6.906673E-01,5.877490E-01,4.752787E-01,3.640822E-01,2.627071E-01,1.769515E-01,1.102852E-01,6.334281E-02,3.358066E-02,1.647890E-02,7.468182E-03,3.096359E-03,1.160831E-03,3.905091E-04,1.174027E-04,3.127092E-05,7.226567E-06,1.403618E-06,2.211253E-07
-8.01787,37.50000,0.00000,9.191495E-01,9.127876E-01,8.999311E-01,8.763749E-01,8.367339E-01,7.757251E-01,6.912186E-01,5.872765E-01,4.736580E-01,3.615220E-01,2.596516E-01,1.738803E-01,1.075606E-01,6.116651E-02,3.201592E-02,1.548259E-02,6.919936E-03,2.841498E-03,1.061994E-03,3.582638E-04,1.081971E-04,2.883785E-05,6.622457E-06,1.270862E-06,1.973780E-07
-8.01787,37.60000,0.00000,9.180594E-01,9.116361E-01,8.986639E-01,8.749118E-01,8.349622E-01,7.734984E-01,6.883699E-01,5.836960E-01,4.694105E-01,3.569075E-01,2.550988E-01,1.697739E-01,1.041448E-01,5.854043E-02,3.017006E-02,1.432049E-02,6.278399E-03,2.535934E-03,9.378322E-04,3.157032E-04,9.612578E-05,2.610762E-05,6.164334E-06,1.223897E-06,1.975542E-07
-8.01787,37.70000,0.00000,9.181321E-01,9.116482E-01,8.985739E-01,8.746597E-01,8.344591E-01,7.726175E-01,6.869661E-01,5.816630E-01,4.667738E-01,3.538538E-01,2.519127E-01,1.667383E-01,1.014813E-01,5.638890E-02,2.858292E-02,1.326082E-02,5.640124E-03,2.188100E-03,7.659951E-04,2.394245E-04,6.637923E-05,1.622480E-05,3.451997E-06,6.248810E-07,9.328578E-08
-8.01787,37.80000,0.00000,9.193625E-01,9.128107E-01,8.996391E-01,8.755926E-01,8.352089E-01,7.731108E-01,6.871069E-01,5.813424E-01,4.659097E-01,3.524496E-01,2.501003E-01,1.647545E-01,9.959216E-02,5.480001E-02,2.739306E-02,1.246519E-02,5.165430E-03,1.936502E-03,6.487509E-04,1.922275E-04,5.034728E-05,1.174521E-05,2.447630E-06,4.483585E-07,6.957922E-08
-8.01787,37.90000,0.00000,9.199182E-01,9.132672E-01,8.999399E-01,8.756722E-01,8.350012E-01,7.725717E-01,6.862249E-01,5.801204E-01,4.643412E-01,3.505594E-01,2.480123E-01,1.626856E-01,9.777045E-02,5.337034E-02,2.639050E-02,1.184048E-02,4.824840E-03,1.777548E-03,5.866951E-04,1.723942E-04,4.524849E-05,1.070245E-05,2.278019E-06,4.260640E-07,6.716215E-08
-8.01787,38.00000,0.00000,9.219494E-01,9.152183E-01,9.017826E-01,8.773823E-01,8.365536E-01,7.739470E-01,6.874066E-01,5.810601E-01,4.649391E-01,3.507097E-01,2.477184E-01,1.620889E-01,9.707919E-02,5.275697E-02,2.594022E-02,1.156049E-02,4.677755E-03,1.713179E-03,5.636032E-04,1.656686E-04,4.363756E-05,1.036314E-05,2.206780E-06,4.102216E-07,6.382821E-08
-8.01787,38.10000,0.00000,9.208665E-01,9.140173E-01,9.003831E-01,8.757033E-01,8.345590E-01,7.717138E-01,6.851466E-01,5.790201E-01,4.632483E-01,3.493515E-01,2.466249E-01,1.612305E-01,9.645367E-02,5.234719E-02,2.570069E-02,1.143627E-02,4.621788E-03,1.692073E-03,5.572049E-04,1.641187E-04,4.328842E-05,1.025563E-05,2.163861E-06,3.953992E-07,5.999269E-08
-8.01787,38.20000,0.00000,9.210336E-01,9.140499E-01,9.002040E-01,8.752310E-01,8.337565E-01,7.706612E-01,6.840706E-01,5.781762E-01,4.627331E-01,3.490615E-01,2.464133E-01,1.610432E-01,9.632099E-02,5.229101E-02,2.569952E-02,1.145396E-02,4.636987E-03,1.700330E-03,5.607049E-04,1.653156E-04,4.358224E-05,1.028183E-05,2.147598E-06,3.859259E-07,5.720119E-08
-8.01787,38.30000,0.00000,9.159498E-01,9.087296E-01,8.944579E-01,8.688530E-01,8.266391E-01,7.629547E-01,6.762478E-01,5.708709E-01,4.564323E-01,3.439662E-01,2.425119E-01,1.582311E-01,9.443833E-02,5.113253E-02,2.504585E-02,1.111738E-02,4.481936E-03,1.638674E-03,5.404049E-04,1.599699E-04,4.247301E-05,1.009330E-05,2.116953E-06,3.801614E-07,5.606564E-08
-8.01787,38.40000,0.00000,9.186366E-01,9.112874E-01,8.968312E-01,8.709813E-01,8.284850E-01,7.645621E-01,6.777716E-01,5.724714E-01,4.580920E-01,3.454619E-01,2.436159E-01,1.589076E-01,9.482257E-02,5.126531E-02,2.474925E-02,1.123428E-02,4.547148E-03,1.667456E-03,5.503711E-04,1.627014E-04,4.308612E-05,1.021610E-05,2.141946E-06,3.855473E-07,5.716026E-08
-8.01787,38.50000,0.00000,9.134601E-01,9.058568E-01,8.909513E-01,8.644491E-01,8.212195E-01,7.567767E-01,6.700328E-01,5.654942E-01,4.523931E-01,3.411989E-01,2.406808E-01,1.570815E-01,9.360577E-02,4.893536E-02,2.371203E-02,1.088201E-02,4.563794E-03,1.681796E-03,5.579545E-04,1.657932E-04,4.410822E-05,1.049888E-05,2.210435E-06,4.005796E-07,6.007700E-08
-8.01787,38.60000,0.00000,9.101444E-01,9.023305E-01,8.870605E-01,8.600349E-01,8.162234E-01,7.513833E-01,6.647255E-01,5.608791E-01,4.488810E-01,3.388492E-01,2.393143E-01,1.562305E-01,8.930683E-02,4.663014E-02,2.261060E-02,1.040555E-02,4.617857E-03,1.752022E-03,5.874443E-04,1.761117E-04,4.711009E-05,1.122473E-05,2.358171E-06,4.266638E-07,6.414630E-08
-8.01787,38.70000,0.00000,9.030927E-01,8.949864E-01,8.791959E-01,8.514159E-01,8.067539E-01,7.412907E-01,6.546209E-01,5.515626E-01,4.409999E-01,3.327040E-01,2.348867E-01,1.505936E-01,8.568614E-02,4.457410E-02,2.156664E-02,9.916563E-03,4.397143E-03,1.743029E-03,5.891433E-04,1.783677E-04,4.816510E-05,1.154884E-05,2.431787E-06,4.398901E-07,6.614596E-08
-8.01787,38.80000,0.00000,9.035103E-01,8.952257E-01,8.791506E-01,8.509716E-01,8.058397E-01,7.399744E-01,6.531627E-01,5.503126E-01,4.401781E-01,3.322892E-01,2.331332E-01,1.454169E-01,8.258498E-02,4.295871E-02,2.083002E-02,9.614286E-03,4.279657E-03,1.784552E-03,6.047807E-04,1.830210E-04,4.925183E-05,1.173962E-05,2.452886E-06,4.396864E-07,6.544632E-08
-8.01787,38.90000,0.00000,9.016777E-01,8.931752E-01,8.767343E-01,8.480229E-01,8.022506E-01,7.358124E-01,6.487454E-01,5.461221E-01,4.366377E-01,3.266581E-01,2.217321E-01,1.380849E-01,7.846341E-02,4.093277E-02,1.994767E-02,9.266415E-03,4.153297E-03,1.797567E-03,6.168442E-04,1.867804E-04,5.011059E-05,1.186097E-05,2.450707E-06,4.325101E-07,6.309973E-08
-8.01787,39.00000,0.00000,8.920363E-01,8.832185E-01,8.662091E-01,8.366666E-01,7.899457E-01,7.227678E-01,6.355739E-01,5.337080E-01,4.258429E-01,3.141813E-01,2.125142E-01,1.320635E-01,7.503892E-02,3.924439E-02,1.921824E-02,8.984650E-03,4.054294E-03,1.765928E-03,6.171465E-04,1.885138E-04,5.085641E-05,1.202939E-05,2.463735E-06,4.273942E-07,6.080975E-08
-8.01787,39.10000,0.00000,8.877259E-01,8.786367E-01,8.611584E-01,8.309196E-01,7.833346E-01,7.153193E-01,6.276133E-01,5.258232E-01,4.146312E-01,3.000136E-01,2.015575E-01,1.243663E-01,7.013016E-02,3.638144E-02,1.767678E-02,8.219310E-03,3.710180E-03,1.629757E-03,6.181280E-04,1.908515E-04,5.188732E-05,1.229403E-05,2.502524E-06,4.281161E-07,5.961383E-08
-8.01787,39.20000,0.00000,8.820675E-01,8.727158E-01,8.547737E-01,8.238443E-01,7.754093E-01,7.065821E-01,6.184012E-01,5.167374E-01,4.020311E-01,2.898782E-01,1.941245E-01,1.194232E-01,6.715805E-02,3.474801E-02,1.683285E-02,7.793927E-03,3.494786E-03,1.519183E-03,6.117966E-04,1.906007E-04,5.218912E-05,1.240969E-05,2.524469E-06,4.299884E-07,5.941461E-08
-8.01787,39.30000,0.00000,8.811017E-01,8.715193E-01,8.531840E-01,8.216521E-01,7.723972E-01,7.026188E-01,6.135639E-01,5.067544E-01,3.879218E-01,2.787007E-01,1.860536E-01,1.141645E-01,6.409179E-02,3.314395E-02,1.606666E-02,7.450396E-03,3.346385E-03,1.456602E-03,5.944684E-04,1.866611E-04,5.156847E-05,1.237032E-05,2.536519E-06,4.351740E-07,6.060284E-08
-8.01787,39.40000,0.00000,8.722063E-01,8.623061E-01,8.433976E-01,8.110031E-01,7.606760E-01,6.898532E-01,5.865599E-01,4.715656E-01,3.582306E-01,2.558237E-01,1.700609E-01,1.040857E-01,5.835405E-02,3.015146E-02,1.460882E-02,6.781749E-03,3.062414E-03,1.348855E-03,5.378020E-04,1.704536E-04,4.788277E-05,1.173619E-05,2.463761E-06,4.328488E-07,6.180366E-08
-8.01787,39.50000,0.00000,8.696004E-01,8.594607E-01,8.401328E-01,8.070884E-01,7.558724E-01,6.777588E-01,5.720755E-01,4.571866E-01,3.451304E-01,2.448718E-01,1.616986E-01,9.832968E-02,5.479529E-02,2.815554E-02,1.357643E-02,6.284929E-03,2.841824E-03,1.260197E-03,4.735151E-04,1.491711E-04,4.206849E-05,1.046613E-05,2.250767E-06,4.073424E-07,6.010752E-08
-8.01787,39.60000,0.00000,8.663991E-01,8.559991E-01,8.362148E-01,8.024642E-01,7.438307E-01,6.567181E-01,5.511842E-01,4.381823E-01,3.293116E-01,2.328333E-01,1.533958E-01,9.316227E-02,5.188063E-02,2.663383E-02,1.281416E-02,5.904227E-03,2.647802E-03,1.159595E-03,4.199313E-04,1.321523E-04,3.763910E-05,9.550284E-06,2.105904E-06,3.910267E-07,5.909679E-08
-8.01787,39.70000,0.00000,8.614923E-01,8.508130E-01,8.262879E-01,7.832218E-01,7.180915E-01,6.304018E-01,5.261334E-01,4.161890E-01,3.115088E-01,2.195534E-01,1.443296E-01,8.755337E-02,4.875553E-02,2.505882E-02,1.208329E-02,5.582795E-03,2.509549E-03,1.069458E-03,3.683617E-04,1.169818E-04,3.381258E-05,8.713180E-06,1.946443E-06,3.649649E-07,5.556996E-08
-8.01787,39.80000,0.00000,8.488029E-01,8.343702E-01,8.074707E-01,7.627375E-01,6.961137E-01,6.078749E-01,5.045753E-01,3.971069E-01,2.958867E-01,2.077243E-01,1.360808E-01,8.228856E-02,4.568297E-02,2.340711E-02,1.125695E-02,5.197939E-03,2.346125E-03,9.588563E-04,3.300940E-04,1.047824E-04,3.000420E-05,7.540412E-06,1.615902E-06,2.870899E-07,4.109958E-08
-8.01787,39.90000,0.00000,8.351916E-01,8.200344E-01,7.920195E-01,7.459208E-01,6.781119E-01,5.894740E-01,4.869951E-01,3.815360E-01,2.831154E-01,1.980472E-01,1.293630E-01,7.806081E-02,4.328341E-02,2.217301E-02,1.067562E-02,4.946423E-03,2.248578E-03,8.948643E-04,3.117417E-04,1.012262E-04,3.002297E-05,7.928375E-06,1.814709E-06,3.506869E-07,5.575843E-08
-8.01787,40.00000,0.00000,7.700822E-01,7.542748E-01,7.253603E-01,6.787673E-01,6.121329E-01,5.275732E-01,4.323797E-01,3.365211E-01,2.485907E-01,1.736147E-01,1.136324E-01,6.897794E-02,3.860715E-02,2.000337E-02,9.739897E-03,4.554548E-03,2.084844E-03,7.717155E-04,2.641006E-04,8.469583E-05,2.491777E-05,6.543330E-06,1.490161E-06,2.861931E-07,4.510061E-08
-8.01787,40.10000,0.00000,7.674457E-01,7.511403E-01,7.214984E-01,6.740111E-01,6.065052E-01,5.213760E-01,4.261374E-01,3.307762E-01,2.437042E-01,1.697226E-01,1.107147E-01,6.693314E-02,3.728309E-02,1.921852E-02,9.315897E-03,4.347247E-03,1.966574E-03,7.053957E-04,2.403121E-04,7.713630E-05,2.282024E-05,6.034425E-06,1.379777E-06,2.642942E-07,4.118987E-08
-8.01787,40.20000,0.00000,7.498856E-01,7.331648E-01,7.029488E-01,6.549299E-01,5.872978E-01,5.028539E-01,4.092743E-01,3.163642E-01,2.321491E-01,1.610520E-01,1.046734E-01,6.306209E-02,3.501506E-02,1.800211E-02,8.716601E-03,4.078218E-03,1.793393E-03,6.460958E-04,2.227858E-04,7.271194E-05,2.185166E-05,5.836842E-06,1.337587E-06,2.547233E-07,3.917872E-08
-8.01787,40.30000,0.00000,7.267514E-01,7.097855E-01,6.793034E-01,6.312288E-01,5.641458E-01,4.812003E-01,3.901138E-01,3.003888E-01,2.196165E-01,1.518521E-01,9.842775E-02,5.919873E-02,3.286388E-02,1.693042E-02,8.239623E-03,3.888702E-03,1.679859E-03,6.055084E-04,2.104281E-04,6.955202E-05,2.117179E-05,5.709852E-06,1.315717E-06,2.511331E-07,3.863383E-08
-8.01787,40.40000,0.00000,6.514179E-01,6.358562E-01,6.077442E-01,5.635476E-01,5.024335E-01,4.277264E-01,3.465750E-01,2.673752E-01,1.966484E-01,1.376897E-01,8.983579E-02,5.399165E-02,3.042512E-02,1.522695E-02,7.529495E-03,3.609968E-03,1.626552E-03,5.894457E-04,2.063661E-04,6.871140E-05,2.105136E-05,5.713903E-06,1.327052E-06,2.560244E-07,3.996241E-08
-8.01787,40.50000,0.00000,6.501980E-01,6.341712E-01,6.053993E-01,5.604227E-01,4.985727E-01,4.233826E-01,3.421510E-01,2.632700E-01,1.931257E-01,1.336962E-01,8.618701E-02,5.235223E-02,2.921003E-02,1.460403E-02,7.159109E-03,3.396525E-03,1.576995E-03,5.762335E-04,2.036499E-04,6.841429E-05,2.113675E-05,5.790871E-06,1.361483E-06,2.670994E-07,4.263546E-08
-8.01787,40.60000,0.00000,6.371700E-01,6.210839E-01,5.923065E-01,5.475067E-01,4.861962E-01,4.120430E-01,3.323246E-01,2.552462E-01,1.869429E-01,1.285261E-01,8.283982E-02,5.015291E-02,2.788279E-02,1.394820E-02,6.811662E-03,3.219876E-03,1.503712E-03,5.632213E-04,2.011137E-04,6.817960E-05,2.123255E-05,5.866310E-06,1.394153E-06,2.774825E-07,4.513763E-08
-8.01787,40.70000,0.00000,6.085525E-01,5.929447E-01,5.650134E-01,5.216092E-01,4.624203E-01,3.911492E-01,3.148678E-01,2.414177E-01,1.765782E-01,1.224518E-01,7.869739E-02,4.764268E-02,2.662404E-02,1.323041E-02,6.454981E-03,3.064500E-03,1.439629E-03,5.574960E-04,2.002988E-04,6.819461E-05,2.130424E-05,5.904785E-06,1.409083E-06,2.820346E-07,4.621777E-08
-8.01787,40.80000,0.00000,5.502185E-01,5.365883E-01,5.117986E-01,4.728661E-01,4.194636E-01,3.549704E-01,2.858425E-01,2.192571E-01,1.605361E-01,1.121561E-01,7.446118E-02,4.553542E-02,2.524513E-02,1.294823E-02,6.077395E-03,2.903001E-03,1.372218E-03,5.556220E-04,2.002808E-04,6.825088E-05,2.129922E-05,5.888076E-06,1.399464E-06,2.785687E-07,4.532789E-08
-8.01787,40.90000,0.00000,5.414501E-01,5.277444E-01,5.028880E-01,4.639839E-01,4.108303E-01,3.469174E-01,2.787184E-01,2.133098E-01,1.558490E-01,1.086634E-01,7.199938E-02,4.444938E-02,2.425071E-02,1.264344E-02,5.763893E-03,2.731456E-03,1.278891E-03,5.553559E-04,2.006016E-04,6.828429E-05,2.122368E-05,5.826305E-06,1.370436E-06,2.688763E-07,4.293176E-08
-8.01787,41.00000,0.00000,5.398251E-01,5.257555E-01,5.003996E-01,4.609458E-01,4.073430E-01,3.432349E-01,2.751653E-01,2.101556E-01,1.532263E-01,1.065848E-01,7.041623E-02,4.231601E-02,2.351132E-02,1.207663E-02,5.518250E-03,2.600920E-03,1.213031E-03,5.572664E-04,2.019014E-04,6.861366E-05,2.120837E-05,5.769330E-06,1.339343E-06,2.581161E-07,4.025027E-08
-8.01787,41.10000,0.00000,5.342075E-01,5.199482E-01,4.943721E-01,4.547620E-01,4.012033E-01,3.374473E-01,2.700473E-01,2.059142E-01,1.499094E-01,1.041152E-01,6.865888E-02,4.173865E-02,2.278791E-02,1.183748E-02,5.444802E-03,2.498760E-03,1.165226E-03,5.423223E-04,2.054635E-04,6.979858E-05,2.147795E-05,5.795009E-06,1.329940E-06,2.525373E-07,3.865044E-08
-8.01787,41.20000,0.00000,5.182628E-01,5.042698E-01,4.791864E-01,4.404033E-01,3.880896E-01,3.259943E-01,2.605414E-01,1.984327E-01,1.443311E-01,1.001884E-01,6.606167E-02,4.115267E-02,2.242375E-02,1.152644E-02,5.420977E-03,2.388707E-03,1.113450E-03,5.172546E-04,2.142242E-04,7.347947E-05,2.275923E-05,6.159461E-06,1.413672E-06,2.679371E-07,4.089641E-08
-8.01787,41.30000,0.00000,4.882464E-01,4.752992E-01,4.519003E-01,4.155223E-01,3.662977E-01,3.077787E-01,2.460560E-01,1.874766E-01,1.364611E-01,9.485102E-02,6.267334E-02,3.914372E-02,2.210353E-02,1.112825E-02,5.363991E-03,2.277338E-03,1.040372E-03,4.755728E-04,2.120321E-04,7.639438E-05,2.385624E-05,6.506392E-06,1.505220E-06,2.879790E-07,4.450486E-08
-8.01787,41.40000,0.00000,4.840814E-01,4.708714E-01,4.471470E-01,4.104866E-01,3.611726E-01,3.028761E-01,2.416977E-01,1.838695E-01,1.336526E-01,9.276785E-02,6.119030E-02,3.812625E-02,2.148347E-02,1.074890E-02,5.262801E-03,2.229625E-03,9.882057E-04,4.472043E-04,1.970949E-04,7.220558E-05,2.210016E-05,5.937383E-06,1.367265E-06,2.640084E-07,4.177572E-08
-8.01787,41.50000,0.00000,4.816730E-01,4.681189E-01,4.439519E-01,4.068643E-01,3.572995E-01,2.990591E-01,2.382587E-01,1.810179E-01,1.314397E-01,9.112886E-02,6.001763E-02,3.731099E-02,2.095775E-02,1.044363E-02,5.103395E-03,2.195847E-03,9.521428E-04,4.283480E-04,1.874347E-04,7.468260E-05,2.344770E-05,6.526080E-06,1.565152E-06,3.144359E-07,5.149732E-08
-8.01787,41.60000,0.00000,4.686037E-01,4.552254E-01,4.314297E-01,3.950209E-01,3.465294E-01,2.897469E-01,2.306508E-01,1.751461E-01,1.271491E-01,8.816148E-02,5.808162E-02,3.611821E-02,2.058675E-02,1.033045E-02,4.927647E-03,2.200883E-03,9.213138E-04,4.137852E-04,1.808404E-04,7.503220E-05,2.287233E-05,6.047294E-06,1.344137E-06,2.440869E-07,3.522631E-08
-8.01787,41.70000,0.00000,4.384806E-01,4.261858E-01,4.041549E-01,3.702788E-01,3.250273E-01,2.719535E-01,2.166592E-01,1.646902E-01,1.197333E-01,8.320667E-02,5.500025E-02,3.434681E-02,2.018061E-02,1.039229E-02,4.878147E-03,2.272767E-03,9.355133E-04,4.008081E-04,1.755728E-04,7.380389E-05,2.927531E-05,8.443501E-06,2.022092E-06,3.959083E-07,6.164171E-08
-8.01787,41.80000,0.00000,4.363788E-01,4.237173E-01,4.012161E-01,3.668894E-01,3.213751E-01,2.683550E-01,2.134328E-01,1.620338E-01,1.176881E-01,8.170484E-02,5.393510E-02,3.361112E-02,1.967852E-02,1.031866E-02,4.864425E-03,2.205507E-03,9.764164E-04,3.911380E-04,1.670419E-04,6.989000E-05,2.761327E-05,9.697350E-06,2.349553E-06,4.649051E-07,7.317630E-08
-8.01787,41.90000,0.00000,4.343031E-01,4.212742E-01,3.983094E-01,3.635490E-01,3.178013E-01,2.648706E-01,2.103522E-01,1.595398E-01,1.157995E-01,8.033430E-02,5.296564E-02,3.293768E-02,1.921557E-02,1.003628E-02,4.813200E-03,2.172443E-03,9.835130E-04,4.035687E-04,1.635178E-04,6.838571E-05,2.715277E-05,9.969234E-06,2.452039E-06,4.853555E-07,7.670095E-08
-8.01787,42.00000,0.00000,4.176729E-01,4.050339E-01,3.827803E-01,3.491597E-01,3.050246E-01,2.540961E-01,2.017601E-01,1.530534E-01,1.111510E-01,7.717330E-02,5.093715E-02,3.171369E-02,1.851376E-02,9.824334E-03,4.850600E-03,2.180919E-03,9.491575E-04,4.147140E-04,1.615600E-04,6.787610E-05,2.705212E-05,9.956690E-06,2.498544E-06,4.930455E-07,7.781956E-08
-8.01787,42.10000,0.00000,3.885773E-01,3.770689E-01,3.566586E-01,3.256631E-01,2.848341E-01,2.376059E-01,1.889763E-01,1.436323E-01,1.045534E-01,7.281122E-02,4.824695E-02,3.017939E-02,1.769652E-02,9.691482E-03,4.773674E-03,2.226169E-03,9.661526E-04,4.039010E-04,1.665030E-04,6.739991E-05,2.694897E-05,9.940506E-06,2.558240E-06,5.006729E-07,7.827254E-08
-8.01787,42.20000,0.00000,3.862576E-01,3.743980E-01,3.535436E-01,3.221346E-01,2.810907E-01,2.339655E-01,1.857518E-01,1.410112E-01,1.025650E-01,7.137754E-02,4.725206E-02,2.951069E-02,1.725843E-02,9.410120E-03,4.679639E-03,2.228114E-03,9.982176E-04,4.190916E-04,1.659572E-04,6.607097E-05,2.621208E-05,9.641811E-06,2.739048E-06,5.354393E-07,8.335552E-08
-7.91787,36.90000,0.00000,8.820908E-01,8.573056E-01,8.195117E-01,7.659788E-01,6.959813E-01,6.117935E-01,5.183662E-01,4.219459E-01,3.288583E-01,2.446707E-01,1.734986E-01,1.172797E-01,7.562403E-02,4.648424E-02,2.715430E-02,1.500470E-02,7.801479E-03,3.792888E-03,1.708110E-03,7.017103E-04,2.571468E-04,8.176935E-05,2.191629E-05,4.819686E-06,8.495309E-07
-7.91787,37.00000,0.00000,8.840742E-01,8.593471E-01,8.215051E-01,7.676595E-01,6.969477E-01,6.116452E-01,5.169176E-01,4.193253E-01,3.254483E-01,2.409592E-01,1.699405E-01,1.142056E-01,7.320691E-02,4.474531E-02,2.600683E-02,1.430614E-02,7.402444E-03,3.571930E-03,1.586437E-03,6.365220E-04,2.253925E-04,6.866175E-05,1.754510E-05,3.673342E-06,6.165610E-07
-7.91787,37.10000,0.00000,9.131037E-01,9.066046E-01,8.934965E-01,8.696364E-01,8.299235E-01,7.696748E-01,6.874273E-01,5.873539E-01,4.783497E-01,3.702126E-01,2.707902E-01,1.857195E-01,1.186382E-01,7.047305E-02,3.904737E-02,2.023219E-02,9.766283E-03,4.343898E-03,1.755655E-03,6.362806E-04,2.040005E-04,5.685636E-05,1.346150E-05,2.637492E-06,4.162241E-07
-7.91787,37.20000,0.00000,9.136283E-01,9.071551E-01,8.940784E-01,8.702244E-01,8.304167E-01,7.698401E-01,6.869203E-01,5.858641E-01,4.758110E-01,3.668607E-01,2.670394E-01,1.820039E-01,1.153119E-01,6.776724E-02,3.704664E-02,1.888976E-02,8.952889E-03,3.904123E-03,1.547663E-03,5.522921E-04,1.757040E-04,4.904899E-05,1.172097E-05,2.326733E-06,3.721404E-07
-7.91787,37.30000,0.00000,9.146928E-01,9.082233E-01,8.951484E-01,8.712626E-01,8.313066E-01,7.703272E-01,6.866293E-01,5.844645E-01,4.732335E-01,3.633541E-01,2.630336E-01,1.779447E-01,1.115738E-01,6.462365E-02,3.463920E-02,1.721589E-02,7.897267E-03,3.300827E-03,1.237116E-03,4.104724E-04,1.196007E-04,3.035610E-05,6.615432E-06,1.209643E-06,1.800221E-07
-7.91787,37.40000,0.00000,9.150771E-01,9.085900E-01,8.954768E-01,8.715007E-01,8.313280E-01,7.698890E-01,6.853977E-01,5.821684E-01,4.698747E-01,3.592611E-01,2.587089E-01,1.738609E-01,1.080622E-01,6.185650E-02,3.265041E-02,1.592712E-02,7.154697E-03,2.925876E-03,1.073436E-03,3.494688E-04,1.003905E-04,2.528122E-05,5.495637E-06,1.004205E-06,1.490429E-07
-7.91787,37.50000,0.00000,9.165028E-01,9.099780E-01,8.968081E-01,8.727219E-01,8.323030E-01,7.703401E-01,6.849304E-01,5.804403E-01,4.668474E-01,3.552866E-01,2.543643E-01,1.697094E-01,1.045099E-01,5.911207E-02,3.075098E-02,1.477314E-02,6.558045E-03,2.674210E-03,9.926494E-04,3.329482E-04,1.002313E-04,2.671793E-05,6.150653E-06,1.183447E-06,1.839706E-07
-7.91787,37.60000,0.00000,9.166012E-01,9.100333E-01,8.967875E-01,8.725688E-01,8.319144E-01,7.695408E-01,6.834885E-01,5.781849E-01,4.638070E-01,3.517577E-01,2.507683E-01,1.664156E-01,1.017479E-01,5.698049E-02,2.925198E-02,1.383255E-02,6.042757E-03,2.431891E-03,8.959537E-04,3.005582E-04,9.128176E-05,2.474961E-05,5.831758E-06,1.153337E-06,1.848866E-07
-7.91787,37.70000,0.00000,9.183204E-01,9.117087E-01,8.984059E-01,8.741083E-01,8.333129E-01,7.706648E-01,6.841308E-01,5.781319E-01,4.629533E-01,3.501717E-01,2.486762E-01,1.641166E-01,9.954222E-02,5.510064E-02,2.782476E-02,1.286715E-02,5.459161E-03,2.114145E-03,7.391651E-04,2.308443E-04,6.397031E-05,1.562598E-05,3.317616E-06,5.974608E-07,8.834600E-08
-7.91787,37.80000,0.00000,9.164879E-01,9.097736E-01,8.962799E-01,8.716723E-01,8.304359E-01,7.672412E-01,6.801320E-01,5.736487E-01,4.582074E-01,3.454784E-01,2.443540E-01,1.604037E-01,9.656353E-02,5.287827E-02,2.629813E-02,1.191403E-02,4.924078E-03,1.845880E-03,6.199580E-04,1.845470E-04,4.860042E-05,1.138138E-05,2.369057E-06,4.301933E-07,6.565032E-08
-7.91787,37.90000,0.00000,9.178862E-01,9.110979E-01,8.974993E-01,8.727502E-01,8.313221E-01,7.678736E-01,6.804369E-01,5.735485E-01,4.576412E-01,3.444452E-01,2.429649E-01,1.588727E-01,9.513048E-02,5.171596E-02,2.547188E-02,1.139852E-02,4.643698E-03,1.714863E-03,5.683827E-04,1.678102E-04,4.420979E-05,1.046115E-05,2.214716E-06,4.089556E-07,6.316985E-08
-7.91787,38.00000,0.00000,9.191220E-01,9.122418E-01,8.985052E-01,8.735742E-01,8.319244E-01,7.682397E-01,6.805889E-01,5.735072E-01,4.573750E-01,3.439052E-01,2.421775E-01,1.579686E-01,9.427794E-02,5.103381E-02,2.499841E-02,1.111160E-02,4.493557E-03,1.648461E-03,5.441263E-04,1.605993E-04,4.245442E-05,1.009240E-05,2.140099E-06,3.933599E-07,6.006606E-08
-7.91787,38.10000,0.00000,9.198086E-01,9.128225E-01,8.989241E-01,8.737724E-01,8.318625E-01,7.679353E-01,6.801333E-01,5.730039E-01,4.568557E-01,3.433248E-01,2.415097E-01,1.572695E-01,9.365075E-02,5.055605E-02,2.468623E-02,1.093538E-02,4.408014E-03,1.613249E-03,5.319967E-04,1.570961E-04,4.156524E-05,9.869987E-06,2.080379E-06,3.775537E-07,5.650051E-08
-7.91787,38.20000,0.00000,9.156409E-01,9.084473E-01,8.941742E-01,8.684558E-01,8.258536E-01,7.613055E-01,6.732180E-01,5.662945E-01,4.507776E-01,3.381256E-01,2.372927E-01,1.540493E-01,9.136308E-02,4.905737E-02,2.378805E-02,1.044998E-02,4.177323E-03,1.519830E-03,5.007244E-04,1.486117E-04,3.968952E-05,9.510113E-06,2.011585E-06,3.633308E-07,5.365849E-08
-7.91787,38.30000,0.00000,9.156898E-01,9.083452E-01,8.938299E-01,8.677716E-01,8.247733E-01,7.598971E-01,6.717076E-01,5.649648E-01,4.497705E-01,3.373873E-01,2.367080E-01,1.535789E-01,9.103253E-02,4.887719E-02,2.371818E-02,1.043315E-02,4.175636E-03,1.519647E-03,5.001957E-04,1.481961E-04,3.950255E-05,9.446398E-06,1.992648E-06,3.583227E-07,5.257141E-08
-7.91787,38.40000,0.00000,9.147169E-01,9.072002E-01,8.924038E-01,8.659514E-01,8.225154E-01,7.573264E-01,6.691519E-01,5.627946E-01,4.481605E-01,3.362617E-01,2.359121E-01,1.530323E-01,9.072108E-02,4.876119E-02,2.371420E-02,1.046169E-02,4.197424E-03,1.528977E-03,5.027978E-04,1.486727E-04,3.956686E-05,9.462181E-06,2.000108E-06,3.610721E-07,5.327744E-08
-7.91787,38.50000,0.00000,9.105509E-01,9.027991E-01,8.875934E-01,8.605532E-01,8.164577E-01,7.507951E-01,6.626345E-01,5.568897E-01,4.432788E-01,3.325103E-01,2.332047E-01,1.512244E-01,8.964074E-02,4.787507E-02,2.307495E-02,1.036000E-02,4.158598E-03,1.514767E-03,4.981863E-04,1.475157E-04,3.939953E-05,9.479075E-06,2.020448E-06,3.686774E-07,5.515387E-08
-7.91787,38.60000,0.00000,9.040688E-01,8.960453E-01,8.803539E-01,8.526049E-01,8.077077E-01,7.414576E-01,6.532866E-01,5.482695E-01,4.359531E-01,3.267106E-01,2.289036E-01,1.482628E-01,8.678695E-02,4.504827E-02,2.169451E-02,9.918040E-03,4.048226E-03,1.473620E-03,4.855424E-04,1.445457E-04,3.894228E-05,9.468037E-06,2.040555E-06,3.767373E-07,5.712657E-08
-7.91787,38.70000,0.00000,9.016040E-01,8.933686E-01,8.773154E-01,8.490448E-01,8.035457E-01,7.368245E-01,6.485908E-01,5.440511E-01,4.325971E-01,3.242998E-01,2.273103E-01,1.473156E-01,8.389501E-02,4.346219E-02,2.092636E-02,9.574267E-03,4.103493E-03,1.500638E-03,4.954332E-04,1.473834E-04,3.960626E-05,9.603547E-06,2.066992E-06,3.819436E-07,5.809413E-08
-7.91787,38.80000,0.00000,8.999888E-01,8.915345E-01,8.751199E-01,8.463346E-01,8.002396E-01,7.330260E-01,6.446429E-01,5.404144E-01,4.296075E-01,3.220454E-01,2.257210E-01,1.427026E-01,8.068819E-02,4.175013E-02,2.012115E-02,9.231588E-03,4.092538E-03,1.516770E-03,5.012135E-04,1.488888E-04,3.988552E-05,9.632524E-06,2.064195E-06,3.796068E-07,5.743142E-08
-7.91787,38.90000,0.00000,8.946245E-01,8.858942E-01,8.689986E-01,8.395156E-01,7.926047E-01,7.247117E-01,6.361082E-01,5.323141E-01,4.225319E-01,3.163291E-01,2.211455E-01,1.371615E-01,7.753098E-02,4.018603E-02,1.943977E-02,8.964733E-03,3.996322E-03,1.482793E-03,4.909352E-04,1.462317E-04,3.928080E-05,9.495804E-06,2.029631E-06,3.706027E-07,5.544423E-08
-7.91787,39.00000,0.00000,8.895946E-01,8.806202E-01,8.632991E-01,8.331991E-01,7.855759E-01,7.171095E-01,6.283769E-01,5.250892E-01,4.163815E-01,3.026901E-01,2.034957E-01,1.256141E-01,7.079463E-02,3.663876E-02,1.771742E-02,8.183668E-03,3.669591E-03,1.491966E-03,4.956941E-04,1.477327E-04,3.956331E-05,9.498419E-06,2.008826E-06,3.616484E-07,5.314459E-08
-7.91787,39.10000,0.00000,8.835765E-01,8.743427E-01,8.565646E-01,8.257925E-01,7.773730E-01,7.082179E-01,6.192155E-01,5.163003E-01,4.085199E-01,2.948597E-01,1.976035E-01,1.215933E-01,6.833557E-02,3.529631E-02,1.705815E-02,7.887563E-03,3.545864E-03,1.452659E-03,4.850584E-04,1.454174E-04,3.913505E-05,9.411709E-06,1.984600E-06,3.545226E-07,5.145829E-08
-7.91787,39.20000,0.00000,8.814219E-01,8.719355E-01,8.537278E-01,8.223128E-01,7.730657E-01,7.030402E-01,6.133770E-01,5.102586E-01,3.993731E-01,2.872997E-01,1.918657E-01,1.176323E-01,6.587256E-02,3.391037E-02,1.633298E-02,7.518620E-03,3.355397E-03,1.413618E-03,4.745970E-04,1.432110E-04,3.877461E-05,9.363300E-06,1.977362E-06,3.529587E-07,5.109250E-08
-7.91787,39.30000,0.00000,8.814387E-01,8.717206E-01,8.531218E-01,8.211076E-01,7.710399E-01,7.000565E-01,6.095096E-01,4.926073E-01,3.750727E-01,2.680323E-01,1.779860E-01,1.085992E-01,6.055209E-02,3.103548E-02,1.488026E-02,6.825192E-03,3.045383E-03,1.328289E-03,4.630102E-04,1.406392E-04,3.836700E-05,9.336407E-06,1.986679E-06,3.574330E-07,5.222578E-08
-7.91787,39.40000,0.00000,8.703538E-01,8.603067E-01,8.411112E-01,8.082125E-01,7.570897E-01,6.851703E-01,5.816831E-01,4.664789E-01,3.533651E-01,2.515743E-01,1.666762E-01,1.016259E-01,5.671699E-02,2.914611E-02,1.403441E-02,6.475095E-03,2.910173E-03,1.250470E-03,4.240800E-04,1.306512E-04,3.639754E-05,9.069649E-06,1.974837E-06,3.630270E-07,5.423202E-08
-7.91787,39.50000,0.00000,8.672334E-01,8.569306E-01,8.372902E-01,8.037107E-01,7.516865E-01,6.757116E-01,5.695924E-01,4.544505E-01,3.424066E-01,2.423868E-01,1.596430E-01,9.676915E-02,5.370966E-02,2.746360E-02,1.317008E-02,6.062737E-03,2.728287E-03,1.160533E-03,3.936173E-04,1.221721E-04,3.453748E-05,8.774167E-06,1.950864E-06,3.662288E-07,5.593091E-08
-7.91787,39.60000,0.00000,8.596390E-01,8.490624E-01,8.289271E-01,7.945979E-01,7.416345E-01,6.552763E-01,5.492991E-01,4.359976E-01,3.270600E-01,2.307381E-01,1.516163E-01,9.177867E-02,5.090052E-02,2.600288E-02,1.244314E-02,5.702959E-03,2.546804E-03,1.032694E-03,3.510934E-04,1.106628E-04,3.208208E-05,8.382905E-06,1.911544E-06,3.664155E-07,5.698790E-08
-7.91787,39.70000,0.00000,8.589851E-01,8.481436E-01,8.275471E-01,7.921234E-01,7.267950E-01,6.383561E-01,5.327711E-01,4.211875E-01,3.148592E-01,2.214657E-01,1.451358E-01,8.764803E-02,4.851424E-02,2.475019E-02,1.183738E-02,5.427276E-03,2.426093E-03,9.565967E-04,3.263702E-04,1.038265E-04,3.048423E-05,8.070332E-06,1.861111E-06,3.598690E-07,5.633067E-08
-7.91787,39.80000,0.00000,8.475523E-01,8.330215E-01,8.059448E-01,7.609324E-01,6.939343E-01,6.052846E-01,5.016575E-01,3.940690E-01,2.929963E-01,2.052141E-01,1.340846E-01,8.083197E-02,4.470718E-02,2.280719E-02,1.091805E-02,5.021709E-03,2.261928E-03,8.614248E-04,2.946781E-04,9.444833E-05,2.792054E-05,7.409050E-06,1.704828E-06,3.280520E-07,5.103372E-08
-7.91787,39.90000,0.00000,8.327025E-01,8.174363E-01,7.892277E-01,7.428418E-01,6.746896E-01,5.857443E-01,4.831214E-01,3.777768E-01,2.797405E-01,1.952527E-01,1.272282E-01,7.655831E-02,4.231129E-02,2.159574E-02,1.036039E-02,4.787188E-03,2.173626E-03,8.120541E-04,2.799792E-04,9.085369E-05,2.726366E-05,7.356527E-06,1.725793E-06,3.403108E-07,5.469044E-08
-7.91787,40.00000,0.00000,7.715717E-01,7.556500E-01,7.265319E-01,6.796080E-01,6.125003E-01,5.273750E-01,4.316439E-01,3.354039E-01,2.473028E-01,1.723393E-01,1.124968E-01,6.806000E-02,3.793871E-02,1.956918E-02,9.488702E-03,4.423685E-03,1.982499E-03,7.080080E-04,2.398085E-04,7.647734E-05,2.247789E-05,5.909921E-06,1.346436E-06,2.578718E-07,4.035236E-08
-7.91787,40.10000,0.00000,7.689553E-01,7.525346E-01,7.226875E-01,6.748714E-01,6.068992E-01,5.212191E-01,4.254627E-01,3.297370E-01,2.425020E-01,1.685325E-01,1.096584E-01,6.608430E-02,3.667018E-02,1.882459E-02,9.090772E-03,4.231986E-03,1.808789E-03,6.421164E-04,2.171708E-04,6.945639E-05,2.053158E-05,5.431460E-06,1.241857E-06,2.373704E-07,3.680495E-08
-7.91787,40.20000,0.00000,7.482030E-01,7.313899E-01,7.010143E-01,6.527669E-01,5.848693E-01,5.001990E-01,4.065270E-01,3.137211E-01,2.297984E-01,1.591234E-01,1.032139E-01,6.204569E-02,3.436495E-02,1.762037E-02,8.510463E-03,3.975355E-03,1.683464E-03,5.985296E-04,2.038140E-04,6.588537E-05,1.969053E-05,5.247842E-06,1.201572E-06,2.284677E-07,3.500882E-08
-7.91787,40.30000,0.00000,7.226574E-01,7.056086E-01,6.749880E-01,6.267354E-01,5.594988E-01,4.765237E-01,3.856251E-01,2.963331E-01,2.161908E-01,1.491623E-01,9.647784E-02,5.790371E-02,3.207919E-02,1.649549E-02,8.017113E-03,3.782612E-03,1.575161E-03,5.593781E-04,1.917885E-04,6.279282E-05,1.902495E-05,5.124345E-06,1.180537E-06,2.250229E-07,3.448080E-08
-7.91787,40.40000,0.00000,6.500951E-01,6.344483E-01,6.061954E-01,5.618044E-01,5.004796E-01,4.256100E-01,3.444155E-01,2.653244E-01,1.948358E-01,1.361939E-01,8.806130E-02,5.319130E-02,2.967576E-02,1.492551E-02,7.367873E-03,3.531328E-03,1.526562E-03,5.447530E-04,1.880482E-04,6.200151E-05,1.890453E-05,5.123317E-06,1.188722E-06,2.286907E-07,3.547563E-08
-7.91787,40.50000,0.00000,6.499164E-01,6.337739E-01,6.048163E-01,5.595853E-01,4.974498E-01,4.220115E-01,3.406439E-01,2.617742E-01,1.908126E-01,1.308936E-01,8.501086E-02,5.119179E-02,2.827308E-02,1.434482E-02,7.020720E-03,3.330126E-03,1.469214E-03,5.290185E-04,1.846237E-04,6.151189E-05,1.893005E-05,5.178214E-06,1.215072E-06,2.372125E-07,3.751067E-08
-7.91787,40.60000,0.00000,6.313276E-01,6.152532E-01,5.864974E-01,5.417601E-01,4.806128E-01,4.067872E-01,3.275926E-01,2.512061E-01,1.836934E-01,1.269183E-01,8.136734E-02,4.930624E-02,2.728491E-02,1.362569E-02,6.660420E-03,3.155182E-03,1.431716E-03,5.190705E-04,1.825579E-04,6.127259E-05,1.898726E-05,5.233076E-06,1.239600E-06,2.450381E-07,3.937691E-08
-7.91787,40.70000,0.00000,6.088601E-01,5.930914E-01,5.649120E-01,5.211829E-01,4.616430E-01,3.900718E-01,3.136182E-01,2.401500E-01,1.754200E-01,1.214395E-01,7.775684E-02,4.709766E-02,2.607303E-02,1.296954E-02,6.349041E-03,3.016141E-03,1.402898E-03,5.123625E-04,1.813446E-04,6.114833E-05,1.901244E-05,5.255848E-06,1.249408E-06,2.481084E-07,4.010260E-08
-7.91787,40.80000,0.00000,5.488287E-01,5.351238E-01,5.102251E-01,4.711682E-01,4.176674E-01,3.531544E-01,2.841171E-01,2.177250E-01,1.592596E-01,1.111509E-01,7.371239E-02,4.443689E-02,2.472637E-02,1.246381E-02,5.985117E-03,2.862234E-03,1.354860E-03,5.095075E-04,1.809832E-04,6.108879E-05,1.897482E-05,5.232248E-06,1.238966E-06,2.447257E-07,3.928745E-08
-7.91787,40.90000,0.00000,5.402099E-01,5.264267E-01,5.014609E-01,4.624355E-01,4.091923E-01,3.452687E-01,2.771640E-01,2.119410E-01,1.547162E-01,1.077749E-01,7.133921E-02,4.317903E-02,2.396745E-02,1.213094E-02,5.685537E-03,2.697869E-03,1.265960E-03,5.084387E-04,1.809686E-04,6.101854E-05,1.888132E-05,5.172934E-06,1.213322E-06,2.365424E-07,3.733224E-08
-7.91787,41.00000,0.00000,5.385707E-01,5.244065E-01,4.989202E-01,4.593244E-01,4.056176E-01,3.414930E-01,2.735209E-01,2.087078E-01,1.520331E-01,1.056611E-01,6.974597E-02,4.163373E-02,2.324339E-02,1.174957E-02,5.449079E-03,2.572786E-03,1.204036E-03,5.097226E-04,1.817456E-04,6.115052E-05,1.882151E-05,5.113947E-06,1.185536E-06,2.275041E-07,3.516834E-08
-7.91787,41.10000,0.00000,5.280708E-01,5.139189E-01,4.885288E-01,4.492153E-01,3.960932E-01,3.329159E-01,2.662044E-01,2.028103E-01,1.475368E-01,1.024164E-01,6.753407E-02,4.116752E-02,2.242178E-02,1.163715E-02,5.250997E-03,2.469808E-03,1.158434E-03,5.154427E-04,1.841940E-04,6.188741E-05,1.895747E-05,5.112225E-06,1.173331E-06,2.223239E-07,3.381784E-08
-7.91787,41.20000,0.00000,5.161538E-01,5.021108E-01,4.769694E-01,4.381490E-01,3.858581E-01,3.238767E-01,2.586354E-01,1.968106E-01,1.430283E-01,9.920442E-02,6.536885E-02,4.070331E-02,2.192840E-02,1.122509E-02,5.216855E-03,2.367834E-03,1.111294E-03,5.242589E-04,1.899328E-04,6.418887E-05,1.972737E-05,5.326801E-06,1.222703E-06,2.315663E-07,3.519783E-08
-7.91787,41.30000,0.00000,4.846843E-01,4.717636E-01,4.484263E-01,4.121743E-01,3.631715E-01,3.049816E-01,2.436740E-01,1.855487E-01,1.349770E-01,9.376811E-02,6.193378E-02,3.868025E-02,2.142088E-02,1.094803E-02,5.130408E-03,2.240296E-03,1.042575E-03,4.840739E-04,1.947646E-04,6.618255E-05,2.043128E-05,5.542689E-06,1.279966E-06,2.444400E-07,3.758493E-08
-7.91787,41.40000,0.00000,4.836782E-01,4.703507E-01,4.464689E-01,4.096431E-01,3.602039E-01,3.018642E-01,2.407356E-01,1.830269E-01,1.329626E-01,9.223385E-02,6.080165E-02,3.786550E-02,2.106251E-02,1.068203E-02,5.062230E-03,2.149676E-03,9.926707E-04,4.552366E-04,1.958252E-04,6.645564E-05,2.051450E-05,5.584337E-06,1.300144E-06,2.516095E-07,3.940798E-08
-7.91787,41.50000,0.00000,4.776584E-01,4.641457E-01,4.400719E-01,4.031625E-01,3.538902E-01,2.960579E-01,2.357473E-01,1.790221E-01,1.299368E-01,9.006529E-02,5.932142E-02,3.689857E-02,2.072884E-02,1.035958E-02,5.010748E-03,2.115709E-03,9.564559E-04,4.349390E-04,1.926422E-04,6.754768E-05,2.087270E-05,5.696563E-06,1.333232E-06,2.602286E-07,4.125993E-08
-7.91787,41.60000,0.00000,4.647096E-01,4.513763E-01,4.276788E-01,3.914528E-01,3.432572E-01,2.868857E-01,2.282797E-01,1.732859E-01,1.257690E-01,8.720008E-02,5.746326E-02,3.575998E-02,2.024457E-02,1.009506E-02,4.917012E-03,2.129412E-03,9.259980E-04,4.190963E-04,1.844399E-04,6.950563E-05,2.112777E-05,5.618873E-06,1.275394E-06,2.418082E-07,3.747790E-08
-7.91787,41.70000,0.00000,4.365602E-01,4.242399E-01,4.021947E-01,3.683462E-01,3.231956E-01,2.703104E-01,2.152739E-01,1.635897E-01,1.189043E-01,8.261358E-02,5.460265E-02,3.410513E-02,2.004141E-02,1.010237E-02,4.820236E-03,2.195779E-03,9.015446E-04,4.049171E-04,1.780140E-04,7.485536E-05,2.897479E-05,8.509094E-06,2.144345E-06,4.490485E-07,7.587540E-08
-7.91787,41.80000,0.00000,4.356984E-01,4.229584E-01,4.003625E-01,3.659553E-01,3.204122E-01,2.674391E-01,2.126317E-01,1.613839E-01,1.171905E-01,8.134072E-02,5.368271E-02,3.345193E-02,1.959621E-02,1.002571E-02,4.717439E-03,2.221567E-03,9.214623E-04,3.867873E-04,1.687806E-04,7.056022E-05,2.780486E-05,8.241344E-06,1.983989E-06,3.959133E-07,6.384489E-08
-7.91787,41.90000,0.00000,4.314724E-01,4.184859E-01,3.956135E-01,3.610214E-01,3.155346E-01,2.629478E-01,2.088152E-01,1.583787E-01,1.149637E-01,7.976110E-02,5.259693E-02,3.272432E-02,1.911518E-02,9.954786E-03,4.680470E-03,2.143831E-03,9.609537E-04,3.892762E-04,1.641828E-04,6.886368E-05,2.727785E-05,9.872008E-06,2.433717E-06,4.951916E-07,8.110250E-08
-7.91787,42.00000,0.00000,4.155547E-01,4.029163E-01,3.806895E-01,3.471511E-01,3.031776E-01,2.524937E-01,2.004579E-01,1.520615E-01,1.104392E-01,7.669174E-02,5.063445E-02,3.154426E-02,1.843910E-02,9.680104E-03,4.750099E-03,2.126804E-03,9.641714E-04,4.051594E-04,1.626650E-04,6.824294E-05,2.714283E-05,9.973485E-06,2.566403E-06,5.201223E-07,8.493740E-08
-7.91787,42.10000,0.00000,3.876583E-01,3.760926E-01,3.556181E-01,3.245791E-01,2.837604E-01,2.366144E-01,1.881309E-01,1.429652E-01,1.040612E-01,7.247011E-02,4.802748E-02,3.005467E-02,1.764309E-02,9.687250E-03,4.789423E-03,2.174429E-03,9.417392E-04,4.122645E-04,1.634636E-04,6.768014E-05,2.701454E-05,9.952079E-06,2.620764E-06,5.256184E-07,8.485700E-08
-7.91787,42.20000,0.00000,3.848401E-01,3.729598E-01,3.520977E-01,3.207185E-01,2.797665E-01,2.328013E-01,1.847978E-01,1.402822E-01,1.020425E-01,7.102549E-02,4.703182E-02,2.938927E-02,1.720825E-02,9.406613E-03,4.635391E-03,2.221918E-03,9.768299E-04,4.113677E-04,1.675971E-04,6.594581E-05,2.626506E-05,9.651269E-06,2.818154E-06,5.627236E-07,9.007640E-08
-7.81787,36.90000,0.00000,8.794021E-01,8.539678E-01,8.154046E-01,7.611005E-01,6.905055E-01,6.060501E-01,5.127491E-01,4.168102E-01,3.244556E-01,2.411291E-01,1.708236E-01,1.153819E-01,7.436126E-02,4.570181E-02,2.671028E-02,1.477878E-02,7.700785E-03,3.754460E-03,1.695704E-03,6.981757E-04,2.560486E-04,8.130136E-05,2.169664E-05,4.735401E-06,8.255693E-07
-7.81787,37.00000,0.00000,8.815242E-01,8.561842E-01,8.176097E-01,7.630286E-01,6.917423E-01,6.061711E-01,5.115240E-01,4.143283E-01,3.210938E-01,2.374053E-01,1.672347E-01,1.122835E-01,7.193051E-02,4.395664E-02,2.556203E-02,1.408583E-02,7.312579E-03,3.545563E-03,1.583558E-03,6.386471E-04,2.268991E-04,6.913866E-05,1.760127E-05,3.654899E-06,6.055059E-07
-7.81787,37.10000,0.00000,9.118060E-01,9.051533E-01,8.917742E-01,8.674945E-01,8.272175E-01,7.663480E-01,6.836007E-01,5.833244E-01,4.744672E-01,3.667524E-01,2.679175E-01,1.835071E-01,1.170747E-01,6.946830E-02,3.846152E-02,1.992442E-02,9.624242E-03,4.289035E-03,1.739095E-03,6.327202E-04,2.034822E-04,5.674283E-05,1.339076E-05,2.603603E-06,4.058948E-07
-7.81787,37.20000,0.00000,9.129683E-01,9.063387E-01,8.929899E-01,8.687105E-01,8.283153E-01,7.670608E-01,6.835430E-01,5.821616E-01,4.721285E-01,3.634814E-01,2.641442E-01,1.796987E-01,1.136293E-01,6.665386E-02,3.638070E-02,1.853012E-02,8.779307E-03,3.830985E-03,1.521545E-03,5.445191E-04,1.737125E-04,4.854998E-05,1.158110E-05,2.286598E-06,3.623893E-07
-7.81787,37.30000,0.00000,9.106226E-01,9.039758E-01,8.905538E-01,8.660938E-01,8.253425E-01,7.634838E-01,6.790981E-01,5.767222E-01,4.658695E-01,3.568577E-01,2.576944E-01,1.738558E-01,1.086678E-01,6.271251E-02,3.347977E-02,1.657016E-02,7.569972E-03,3.151278E-03,1.175827E-03,3.879864E-04,1.122713E-04,2.827823E-05,6.118514E-06,1.112423E-06,1.648131E-07
-7.81787,37.40000,0.00000,9.120516E-01,9.053913E-01,8.919464E-01,8.674212E-01,8.264735E-01,7.641387E-01,6.788800E-01,5.752931E-01,4.631844E-01,3.532292E-01,2.536337E-01,1.698714E-01,1.051464E-01,5.988607E-02,3.142401E-02,1.522542E-02,6.785895E-03,2.747411E-03,9.935563E-04,3.164492E-04,8.803646E-05,2.125810E-05,4.404010E-06,7.662464E-07,1.084607E-07
-7.81787,37.50000,0.00000,9.143235E-01,9.076336E-01,8.941532E-01,8.695558E-01,8.284073E-01,7.655849E-01,6.794143E-01,5.745416E-01,4.610910E-01,3.501321E-01,2.500981E-01,1.664449E-01,1.022138E-01,5.763675E-02,2.988247E-02,1.430027E-02,6.317699E-03,2.560577E-03,9.437924E-04,3.144600E-04,9.424301E-05,2.507796E-05,5.769231E-06,1.107419E-06,1.710591E-07
-7.81787,37.60000,0.00000,9.166143E-01,9.099046E-01,8.964083E-01,8.717823E-01,8.305245E-01,7.673831E-01,6.805594E-01,5.747131E-01,4.601706E-01,3.482989E-01,2.477224E-01,1.639274E-01,9.989036E-02,5.573343E-02,2.850297E-02,1.342762E-02,5.844045E-03,2.343792E-03,8.614211E-04,2.888823E-04,8.788643E-05,2.386637E-05,5.612950E-06,1.101483E-06,1.740470E-07
-7.81787,37.70000,0.00000,9.149350E-01,9.081420E-01,8.944822E-01,8.695726E-01,8.278732E-01,7.641142E-01,6.765389E-01,5.699608E-01,4.549373E-01,3.430155E-01,2.428215E-01,1.597057E-01,9.648412E-02,5.316452E-02,2.671647E-02,1.229949E-02,5.201820E-03,2.012340E-03,7.046765E-04,2.210037E-04,6.159981E-05,1.511987E-05,3.211916E-06,5.747697E-07,8.378095E-08
-7.81787,37.80000,0.00000,9.139050E-01,9.070386E-01,8.932440E-01,8.681145E-01,8.260893E-01,7.618962E-01,6.738172E-01,5.667616E-01,4.514213E-01,3.394422E-01,2.394601E-01,1.567607E-01,9.407920E-02,5.134554E-02,2.545715E-02,1.150975E-02,4.755330E-03,1.785054E-03,6.011089E-04,1.795163E-04,4.740478E-05,1.110179E-05,2.297733E-06,4.114942E-07,6.137368E-08
-7.81787,37.90000,0.00000,9.162669E-01,9.093235E-01,8.954263E-01,8.701572E-01,8.279186E-01,7.633855E-01,6.747976E-01,5.670897E-01,4.510409E-01,3.384259E-01,2.380032E-01,1.551335E-01,9.255284E-02,5.011201E-02,2.458934E-02,1.097797E-02,4.472734E-03,1.656047E-03,5.512621E-04,1.635288E-04,4.323286E-05,1.022894E-05,2.151871E-06,3.916640E-07,5.912375E-08
-7.81787,38.00000,0.00000,9.188692E-01,9.118530E-01,8.978622E-01,8.724838E-01,8.301088E-01,7.653995E-01,6.765838E-01,5.685606E-01,4.520614E-01,3.388749E-01,2.378889E-01,1.546246E-01,9.189683E-02,4.951273E-02,2.414658E-02,1.070184E-02,4.326475E-03,1.591033E-03,5.274544E-04,1.564482E-04,4.151835E-05,9.876355E-06,2.083975E-06,3.784226E-07,5.665207E-08
-7.81787,38.10000,0.00000,9.137870E-01,9.065678E-01,8.921959E-01,8.662234E-01,8.230959E-01,7.576674E-01,6.684446E-01,5.605255E-01,4.446442E-01,3.324512E-01,2.326634E-01,1.506485E-01,8.908033E-02,4.766339E-02,2.303088E-02,1.009448E-02,4.036296E-03,1.473195E-03,4.879473E-04,1.457237E-04,3.915649E-05,9.432876E-06,2.003782E-06,3.630528E-07,5.375562E-08
-7.81787,38.20000,0.00000,9.137989E-01,9.064481E-01,8.918675E-01,8.656033E-01,8.221340E-01,7.564018E-01,6.670268E-01,5.591488E-01,4.434155E-01,3.313678E-01,2.317019E-01,1.498344E-01,8.846294E-02,4.725703E-02,2.279835E-02,9.976825E-03,3.982961E-03,1.451619E-03,4.803111E-04,1.433958E-04,3.853331E-05,9.274778E-06,1.963070E-06,3.529075E-07,5.158908E-08
-7.81787,38.30000,0.00000,9.135798E-01,9.060897E-01,8.912832E-01,8.647041E-01,8.208686E-01,7.548249E-01,6.653294E-01,5.575616E-01,4.420623E-01,3.302273E-01,2.307185E-01,1.490138E-01,8.785333E-02,4.687241E-02,2.259418E-02,9.883617E-03,3.944837E-03,1.437169E-03,4.752761E-04,1.418537E-04,3.813242E-05,9.184355E-06,1.944045E-06,3.489305E-07,5.082896E-08
-7.81787,38.40000,0.00000,9.107484E-01,9.030364E-01,8.878494E-01,8.607139E-01,8.162262E-01,7.496474E-01,6.600049E-01,5.525930E-01,4.377953E-01,3.267566E-01,2.280126E-01,1.470333E-01,8.653947E-02,4.609818E-02,2.218619E-02,9.685959E-03,3.855469E-03,1.400472E-03,4.623743E-04,1.381999E-04,3.734678E-05,9.068765E-06,1.937125E-06,3.508352E-07,5.159848E-08
-7.81787,38.50000,0.00000,9.078215E-01,8.998943E-01,8.843386E-01,8.566737E-01,8.115823E-01,7.445431E-01,6.548464E-01,5.478813E-01,4.338636E-01,3.236776E-01,2.257142E-01,1.454284E-01,8.553042E-02,4.554378E-02,2.169519E-02,9.568891E-03,3.805977E-03,1.380475E-03,4.552570E-04,1.361919E-04,3.695868E-05,9.043390E-06,1.951817E-06,3.579874E-07,5.346894E-08
-7.81787,38.60000,0.00000,9.003187E-01,8.921291E-01,8.760967E-01,8.477358E-01,8.018705E-01,7.343042E-01,6.446972E-01,5.385904E-01,4.260155E-01,3.175151E-01,2.212116E-01,1.424011E-01,8.368947E-02,4.358256E-02,2.079711E-02,9.343366E-03,3.710045E-03,1.343395E-03,4.429834E-04,1.329564E-04,3.635041E-05,8.991198E-06,1.965470E-06,3.656331E-07,5.550415E-08
-7.81787,38.70000,0.00000,9.018101E-01,8.934533E-01,8.771653E-01,8.484568E-01,8.021948E-01,7.342983E-01,6.445705E-01,5.385844E-01,4.262049E-01,3.177789E-01,2.214005E-01,1.424846E-01,8.177090E-02,4.205494E-02,2.006272E-02,9.082840E-03,3.743903E-03,1.356960E-03,4.469946E-04,1.338727E-04,3.654329E-05,9.043247E-06,1.983070E-06,3.710001E-07,5.676869E-08
-7.81787,38.80000,0.00000,9.006753E-01,8.920914E-01,8.754244E-01,8.461592E-01,7.992135E-01,7.306714E-01,6.405873E-01,5.346945E-01,4.227908E-01,3.150160E-01,2.193026E-01,1.398560E-01,7.875641E-02,4.051125E-02,1.936302E-02,8.793048E-03,3.736499E-03,1.357320E-03,4.473660E-04,1.338862E-04,3.650772E-05,9.028009E-06,1.978990E-06,3.700960E-07,5.661316E-08
-7.81787,38.90000,0.00000,8.921814E-01,8.832819E-01,8.660504E-01,8.359662E-01,7.880916E-01,7.188486E-01,6.286951E-01,5.235824E-01,4.132021E-01,3.073630E-01,2.115002E-01,1.302146E-01,7.292248E-02,3.732423E-02,1.776400E-02,8.049309E-03,3.540262E-03,1.314013E-03,4.333737E-04,1.300854E-04,3.564455E-05,8.853903E-06,1.943525E-06,3.624569E-07,5.510115E-08
-7.81787,39.00000,0.00000,8.815091E-01,8.723291E-01,8.545834E-01,8.237531E-01,7.750665E-01,7.052945E-01,6.152927E-01,5.112131E-01,4.026254E-01,2.989967E-01,2.007343E-01,1.234149E-01,6.918257E-02,3.554590E-02,1.702918E-02,7.780672E-03,3.450954E-03,1.268517E-03,4.191686E-04,1.263331E-04,3.479401E-05,8.672787E-06,1.902339E-06,3.526580E-07,5.304394E-08
-7.81787,39.10000,0.00000,8.822520E-01,8.728626E-01,8.547778E-01,8.234540E-01,7.741339E-01,7.036938E-01,6.131780E-01,5.088971E-01,4.004228E-01,2.916727E-01,1.948663E-01,1.194381E-01,6.677004E-02,3.424194E-02,1.639671E-02,7.500585E-03,3.335406E-03,1.263615E-03,4.185379E-04,1.262447E-04,3.473080E-05,8.629718E-06,1.882895E-06,3.463654E-07,5.155578E-08
-7.81787,39.20000,0.00000,8.827542E-01,8.731272E-01,8.546500E-01,8.227363E-01,7.726235E-01,7.012708E-01,6.099214E-01,5.051231E-01,3.949220E-01,2.833245E-01,1.886314E-01,1.152220E-01,6.421503E-02,3.284834E-02,1.569331E-02,7.155090E-03,3.161289E-03,1.222310E-03,4.066382E-04,1.234535E-04,3.420587E-05,8.551247E-06,1.873538E-06,3.453964E-07,5.145331E-08
-7.81787,39.30000,0.00000,8.771712E-01,8.672598E-01,8.482844E-01,8.156319E-01,7.646163E-01,6.924185E-01,6.006075E-01,4.949744E-01,3.761639E-01,2.680768E-01,1.773244E-01,1.075970E-01,5.952719E-02,3.019106E-02,1.428733E-02,6.460072E-03,2.844927E-03,1.190674E-03,3.981916E-04,1.216837E-04,3.396380E-05,8.557205E-06,1.890780E-06,3.520828E-07,5.310327E-08
-7.81787,39.40000,0.00000,8.651046E-01,8.548647E-01,8.352886E-01,8.017492E-01,7.497032E-01,6.766623E-01,5.724303E-01,4.573292E-01,3.450180E-01,2.445850E-01,1.613193E-01,9.785689E-02,5.425734E-02,2.763542E-02,1.315359E-02,5.989817E-03,2.661278E-03,1.090409E-03,3.673533E-04,1.141520E-04,3.259992E-05,8.415655E-06,1.902711E-06,3.623254E-07,5.600183E-08
-7.81787,39.50000,0.00000,8.594939E-01,8.490291E-01,8.290535E-01,7.949166E-01,7.421343E-01,6.636025E-01,5.573309E-01,4.429458E-01,3.325100E-01,2.346619E-01,1.542032E-01,9.330423E-02,5.167551E-02,2.632589E-02,1.254627E-02,5.725880E-03,2.552530E-03,1.037688E-03,3.514550E-04,1.103120E-04,3.192576E-05,8.365541E-06,1.921964E-06,3.726793E-07,5.886038E-08
-7.81787,39.60000,0.00000,8.571455E-01,8.463826E-01,8.258919E-01,7.909550E-01,7.370790E-01,6.561561E-01,5.494491E-01,4.354537E-01,3.260256E-01,2.294662E-01,1.503241E-01,9.062412E-02,4.997805E-02,2.534086E-02,1.201361E-02,5.448762E-03,2.408916E-03,9.349888E-04,3.195141E-04,1.023593E-04,3.041135E-05,8.172544E-06,1.917880E-06,3.786425E-07,6.084666E-08
-7.81787,39.70000,0.00000,8.506337E-01,8.395757E-01,8.176962E-01,7.737117E-01,7.075204E-01,6.189486E-01,5.143718E-01,4.049520E-01,3.015987E-01,2.114893E-01,1.382493E-01,8.327707E-02,4.592977E-02,2.329686E-02,1.104864E-02,5.015908E-03,2.224487E-03,8.545913E-04,2.943550E-04,9.592267E-05,2.909365E-05,7.961643E-06,1.892490E-06,3.766903E-07,6.084463E-08
-7.81787,39.80000,0.00000,8.399943E-01,8.252265E-01,7.977435E-01,7.521872E-01,6.846581E-01,5.957415E-01,4.923467E-01,3.855824E-01,2.858393E-01,1.996732E-01,1.301713E-01,7.831281E-02,4.321378E-02,2.197397E-02,1.046991E-02,4.786575E-03,2.142529E-03,8.086130E-04,2.805574E-04,9.239511E-05,2.831870E-05,7.806886E-06,1.860579E-06,3.694663E-07,5.925646E-08
-7.81787,39.90000,0.00000,8.333825E-01,8.180298E-01,7.896572E-01,7.429874E-01,6.744019E-01,5.849156E-01,4.817722E-01,3.760823E-01,2.779488E-01,1.935816E-01,1.258084E-01,7.544210E-02,4.149732E-02,2.104721E-02,1.001934E-02,4.590656E-03,2.067867E-03,7.648089E-04,2.663658E-04,8.821335E-05,2.717088E-05,7.508198E-06,1.787258E-06,3.531161E-07,5.612210E-08
-7.81787,40.00000,0.00000,7.876132E-01,7.714941E-01,7.420201E-01,6.944159E-01,6.260780E-01,5.390772E-01,4.410073E-01,3.423308E-01,2.520096E-01,1.751972E-01,1.139391E-01,6.855226E-02,3.791961E-02,1.936819E-02,9.286356E-03,4.280598E-03,1.871377E-03,6.702937E-04,2.298464E-04,7.491768E-05,2.260434E-05,6.077652E-06,1.400316E-06,2.672093E-07,4.103031E-08
-7.81787,40.10000,0.00000,7.599360E-01,7.434032E-01,7.133656E-01,6.653295E-01,5.972393E-01,5.117205E-01,4.165357E-01,3.218082E-01,2.358971E-01,1.634074E-01,1.059742E-01,6.363419E-02,3.515346E-02,1.794102E-02,8.602797E-03,3.976874E-03,1.718083E-03,6.094957E-04,2.069412E-04,6.666983E-05,1.984785E-05,5.264925E-06,1.198518E-06,2.262860E-07,3.439068E-08
-7.81787,40.20000,0.00000,7.427031E-01,7.258077E-01,6.952925E-01,6.468724E-01,5.788465E-01,4.942045E-01,4.008139E-01,3.085679E-01,2.254295E-01,1.556563E-01,1.006480E-01,6.028458E-02,3.325054E-02,1.697244E-02,8.162859E-03,3.800742E-03,1.601523E-03,5.685737E-04,1.940020E-04,6.300771E-05,1.892155E-05,5.052779E-06,1.153345E-06,2.172990E-07,3.278635E-08
-7.81787,40.30000,0.00000,7.150890E-01,6.980023E-01,6.673194E-01,6.190215E-01,5.518549E-01,4.691800E-01,3.788839E-01,2.904823E-01,2.114251E-01,1.455464E-01,9.394007E-02,5.626113E-02,3.109315E-02,1.593867E-02,7.716354E-03,3.625649E-03,1.501085E-03,5.316515E-04,1.824369E-04,5.997235E-05,1.825700E-05,4.928789E-06,1.132573E-06,2.140386E-07,3.231643E-08
-7.81787,40.40000,0.00000,6.541917E-01,6.382497E-01,6.095269E-01,5.644740E-01,5.023310E-01,4.265967E-01,3.446419E-01,2.650092E-01,1.927803E-01,1.321657E-01,8.617571E-02,5.193069E-02,2.847714E-02,1.459804E-02,7.166319E-03,3.417981E-03,1.447393E-03,5.153893E-04,1.781662E-04,5.902511E-05,1.809499E-05,4.916144E-06,1.137090E-06,2.165687E-07,3.301975E-08
-7.81787,40.50000,0.00000,6.485816E-01,6.323263E-01,6.031902E-01,5.577212E-01,4.953358E-01,4.197143E-01,3.383082E-01,2.595767E-01,1.898530E-01,1.303128E-01,8.384113E-02,5.036404E-02,2.781112E-02,1.401663E-02,6.835828E-03,3.233074E-03,1.407199E-03,5.039746E-04,1.756271E-04,5.866087E-05,1.811895E-05,4.960501E-06,1.157936E-06,2.231508E-07,3.454453E-08
-7.81787,40.60000,0.00000,6.367424E-01,6.203302E-01,5.910401E-01,5.455530E-01,4.834825E-01,4.086744E-01,3.285937E-01,2.509737E-01,1.817661E-01,1.242865E-01,8.068694E-02,4.836667E-02,2.633304E-02,1.338000E-02,6.510674E-03,3.073892E-03,1.360204E-03,4.910600E-04,1.727066E-04,5.820042E-05,1.812004E-05,4.998720E-06,1.176795E-06,2.291578E-07,3.593684E-08
-7.81787,40.70000,0.00000,6.150630E-01,5.989001E-01,5.701041E-01,5.255268E-01,4.649611E-01,3.923183E-01,3.149088E-01,2.407143E-01,1.747160E-01,1.194284E-01,7.702181E-02,4.615309E-02,2.532705E-02,1.277338E-02,6.226321E-03,2.947539E-03,1.333877E-03,4.847993E-04,1.715252E-04,5.805806E-05,1.813319E-05,5.016186E-06,1.184534E-06,2.315480E-07,3.648395E-08
-7.81787,40.80000,0.00000,5.434341E-01,5.297715E-01,5.049441E-01,4.660142E-01,4.127395E-01,3.485942E-01,2.800813E-01,2.143353E-01,1.565697E-01,1.091433E-01,7.231101E-02,4.351336E-02,2.413141E-02,1.211257E-02,5.838804E-03,2.791998E-03,1.319516E-03,4.818714E-04,1.710356E-04,5.795848E-05,1.809223E-05,4.995722E-06,1.176230E-06,2.289834E-07,3.589014E-08
-7.81787,40.90000,0.00000,5.413292E-01,5.273300E-01,5.020415E-01,4.626101E-01,4.089403E-01,3.446542E-01,2.763219E-01,2.110220E-01,1.538377E-01,1.070054E-01,7.071020E-02,4.210221E-02,2.338013E-02,1.174654E-02,5.580916E-03,2.645601E-03,1.239282E-03,4.798242E-04,1.707285E-04,5.783032E-05,1.800067E-05,4.945153E-06,1.155589E-06,2.226553E-07,3.443499E-08
-7.81787,41.00000,0.00000,5.353285E-01,5.211371E-01,4.956234E-01,4.560289E-01,4.023980E-01,3.384667E-01,2.708158E-01,2.064226E-01,1.502116E-01,1.042933E-01,6.878275E-02,4.073245E-02,2.270831E-02,1.140785E-02,5.350502E-03,2.527036E-03,1.182678E-03,4.802958E-04,1.711378E-04,5.786186E-05,1.793196E-05,4.893665E-06,1.133047E-06,2.156244E-07,3.281305E-08
-7.81787,41.10000,0.00000,5.260596E-01,5.118157E-01,4.863020E-01,4.468638E-01,3.936705E-01,3.305325E-01,2.639957E-01,2.008938E-01,1.459800E-01,1.012337E-01,6.669714E-02,4.011015E-02,2.210137E-02,1.124371E-02,5.147286E-03,2.431192E-03,1.141476E-03,4.841674E-04,1.728541E-04,5.836426E-05,1.801519E-05,4.886970E-06,1.122722E-06,2.115809E-07,3.180177E-08
-7.81787,41.20000,0.00000,5.143241E-01,5.002098E-01,4.749775E-01,4.360767E-01,3.837638E-01,3.218628E-01,2.568163E-01,1.952728E-01,1.418074E-01,9.829045E-02,6.472290E-02,3.941961E-02,2.136619E-02,1.108652E-02,5.000609E-03,2.336028E-03,1.098676E-03,4.938317E-04,1.775274E-04,6.022919E-05,1.864732E-05,5.068375E-06,1.165944E-06,2.199296E-07,3.307660E-08
-7.81787,41.30000,0.00000,4.839827E-01,4.709398E-01,4.474365E-01,4.110073E-01,3.618709E-01,3.036418E-01,2.424075E-01,1.844447E-01,1.340781E-01,9.307559E-02,6.142759E-02,3.833251E-02,2.080338E-02,1.058850E-02,4.944360E-03,2.217640E-03,1.036762E-03,4.874222E-04,1.820914E-04,6.206265E-05,1.928774E-05,5.264190E-06,1.217555E-06,2.313340E-07,3.512848E-08
-7.81787,41.40000,0.00000,4.805095E-01,4.671787E-01,4.433165E-01,4.065659E-01,3.572982E-01,2.992445E-01,2.385019E-01,1.812295E-01,1.315966E-01,9.125418E-02,6.014254E-02,3.745357E-02,2.056224E-02,1.046834E-02,4.906154E-03,2.132647E-03,9.912167E-04,4.612599E-04,1.848873E-04,6.301569E-05,1.958560E-05,5.356867E-06,1.245741E-06,2.389013E-07,3.676402E-08
-7.81787,41.50000,0.00000,4.752898E-01,4.617525E-01,4.376663E-01,4.007876E-01,3.516254E-01,2.940014E-01,2.339828E-01,1.775916E-01,1.288379E-01,8.926538E-02,5.877258E-02,3.654815E-02,2.025049E-02,1.026701E-02,4.868358E-03,2.065511E-03,9.564105E-04,4.406501E-04,1.891782E-04,6.444538E-05,1.999522E-05,5.466009E-06,1.274282E-06,2.459055E-07,3.822483E-08
-7.81787,41.60000,0.00000,4.624279E-01,4.490609E-01,4.253378E-01,3.891280E-01,3.410281E-01,2.848532E-01,2.265307E-01,1.718655E-01,1.246775E-01,8.640732E-02,5.692388E-02,3.542211E-02,1.989120E-02,9.946199E-03,4.852935E-03,2.064122E-03,9.267507E-04,4.236280E-04,1.888278E-04,6.902157E-05,2.145296E-05,5.847713E-06,1.355922E-06,2.601407E-07,4.024024E-08
-7.81787,41.70000,0.00000,4.356195E-01,4.232124E-01,4.010608E-01,3.671181E-01,3.219310E-01,2.690965E-01,2.141952E-01,1.626973E-01,1.182094E-01,8.209930E-02,5.424193E-02,3.386991E-02,1.951340E-02,9.816207E-03,4.709532E-03,2.122529E-03,8.968294E-04,4.081498E-04,1.806514E-04,7.624733E-05,2.534307E-05,7.068699E-06,1.670127E-06,3.250759E-07,5.081984E-08
-7.81787,41.80000,0.00000,4.359115E-01,4.230237E-01,4.002280E-01,3.656022E-01,3.198774E-01,2.668042E-01,2.119920E-01,1.608095E-01,1.167142E-01,8.096767E-02,5.340689E-02,3.326518E-02,1.920042E-02,9.770685E-03,4.671895E-03,2.147986E-03,8.848945E-04,3.897290E-04,1.707185E-04,7.143940E-05,2.487747E-05,6.584473E-06,1.454946E-06,2.622223E-07,3.771804E-08
-7.81787,41.90000,0.00000,4.254361E-01,4.126132E-01,3.900242E-01,3.558641E-01,3.109632E-01,2.590800E-01,2.057014E-01,1.559943E-01,1.132330E-01,7.858213E-02,5.185731E-02,3.230781E-02,1.886328E-02,9.747556E-03,4.571516E-03,2.153423E-03,9.442763E-04,3.856523E-04,1.656780E-04,6.947957E-05,2.746069E-05,1.003239E-05,2.639934E-06,5.589068E-07,9.564953E-08
-7.81787,42.00000,0.00000,4.144196E-01,4.016918E-01,3.793565E-01,3.457242E-01,3.017162E-01,2.510898E-01,1.992020E-01,1.510134E-01,1.096184E-01,7.609086E-02,5.022924E-02,3.130036E-02,1.831658E-02,9.611929E-03,4.638632E-03,2.128294E-03,9.719967E-04,3.996855E-04,1.637292E-04,6.866665E-05,2.725809E-05,9.995452E-06,2.703300E-06,5.645588E-07,9.542625E-08
-7.81787,42.10000,0.00000,3.852491E-01,3.736927E-01,3.532588E-01,3.223186E-01,2.816788E-01,2.347936E-01,1.866270E-01,1.417922E-01,1.031959E-01,7.186875E-02,4.763975E-02,2.983038E-02,1.753508E-02,9.475078E-03,4.689220E-03,2.118158E-03,9.416291E-04,4.112453E-04,1.614837E-04,6.795974E-05,2.708249E-05,9.962962E-06,2.668052E-06,5.441957E-07,8.972152E-08
-7.81787,42.20000,0.00000,3.845258E-01,3.725506E-01,3.515663E-01,3.200682E-01,2.790397E-01,2.320702E-01,1.841362E-01,1.397368E-01,1.016242E-01,7.072161E-02,4.682387E-02,2.926101E-02,1.714506E-02,9.302403E-03,4.642820E-03,2.161883E-03,9.521904E-04,4.024976E-04,1.705571E-04,6.623397E-05,2.634962E-05,9.672733E-06,2.864009E-06,5.787288E-07,9.399066E-08
-7.71787,36.90000,0.00000,8.777231E-01,8.515583E-01,8.121568E-01,7.570254E-01,6.857761E-01,6.009723E-01,5.076798E-01,4.120773E-01,3.203093E-01,2.377248E-01,1.681996E-01,1.134743E-01,7.304870E-02,4.484888E-02,2.619117E-02,1.448598E-02,7.548404E-03,3.680677E-03,1.661725E-03,6.830071E-04,2.496181E-04,7.887276E-05,2.093708E-05,4.549357E-06,7.912121E-07
-7.71787,37.00000,0.00000,8.796908E-01,8.536064E-01,8.141569E-01,7.586849E-01,6.866742E-01,6.007098E-01,5.060750E-01,4.092591E-01,3.166732E-01,2.337837E-01,1.644516E-01,1.102851E-01,7.059816E-02,4.314334E-02,2.511800E-02,1.387888E-02,7.239864E-03,3.536919E-03,1.597081E-03,6.536442E-04,2.364989E-04,7.358362E-05,1.915553E-05,4.069084E-06,6.896914E-07
-7.71787,37.10000,0.00000,9.071988E-01,9.003546E-01,8.866078E-01,8.617343E-01,8.206635E-01,7.589586E-01,6.756146E-01,5.752438E-01,4.668828E-01,3.601483E-01,2.625784E-01,1.795092E-01,1.143126E-01,6.771049E-02,3.743571E-02,1.938405E-02,9.376401E-03,4.196301E-03,1.714196E-03,6.298639E-04,2.047199E-04,5.762892E-05,1.370108E-05,2.679221E-06,4.198421E-07
-7.71787,37.20000,0.00000,9.089328E-01,9.021174E-01,8.884140E-01,8.635620E-01,8.223950E-01,7.603100E-01,6.761657E-01,5.746191E-01,4.649730E-01,3.571763E-01,2.589749E-01,1.757607E-01,1.108522E-01,6.484633E-02,3.530039E-02,1.794558E-02,8.501052E-03,3.719205E-03,1.485679E-03,5.361080E-04,1.726267E-04,4.867229E-05,1.170063E-05,2.327108E-06,3.717936E-07
-7.71787,37.30000,0.00000,9.106892E-01,9.038816E-01,8.901883E-01,8.653116E-01,8.239840E-01,7.614412E-01,6.764138E-01,5.736141E-01,4.626330E-01,3.537513E-01,2.549117E-01,1.715458E-01,1.069196E-01,6.152114E-02,3.275121E-02,1.617109E-02,7.376549E-03,3.070754E-03,1.148390E-03,3.809411E-04,1.111795E-04,2.831859E-05,6.205248E-06,1.143106E-06,1.717369E-07
-7.71787,37.40000,0.00000,9.114011E-01,9.045778E-01,8.908471E-01,8.658714E-01,8.242918E-01,7.612092E-01,6.752589E-01,5.712444E-01,4.590789E-01,3.493899E-01,2.502921E-01,1.671776E-01,1.031652E-01,5.857376E-02,3.064443E-02,1.481071E-02,6.590037E-03,2.667530E-03,9.672740E-04,3.107652E-04,8.818555E-05,2.210326E-05,4.861748E-06,9.206282E-07,1.455834E-07
-7.71787,37.50000,0.00000,9.114600E-01,9.046130E-01,8.908304E-01,8.657349E-01,8.238926E-01,7.602913E-01,6.735007E-01,5.684258E-01,4.552839E-01,3.450356E-01,2.459306E-01,1.632701E-01,9.997939E-02,5.619279E-02,2.902403E-02,1.382636E-02,6.072146E-03,2.440731E-03,8.889232E-04,2.911999E-04,8.534114E-05,2.211410E-05,4.944950E-06,9.225633E-07,1.385033E-07
-7.71787,37.60000,0.00000,9.117860E-01,9.048930E-01,8.910254E-01,8.657684E-01,8.236147E-01,7.594513E-01,6.717944E-01,5.656657E-01,4.515790E-01,3.407975E-01,2.416706E-01,1.594043E-01,9.676600E-02,5.374949E-02,2.735035E-02,1.281675E-02,5.549746E-03,2.215959E-03,8.121393E-04,2.723275E-04,8.309615E-05,2.266384E-05,5.344034E-06,1.046790E-06,1.641532E-07
-7.71787,37.70000,0.00000,9.131827E-01,9.062390E-01,8.922947E-01,8.669090E-01,8.245175E-01,7.599229E-01,6.715901E-01,5.646217E-01,4.497246E-01,3.383674E-01,2.389880E-01,1.567721E-01,9.442348E-02,5.185681E-02,2.597386E-02,1.192178E-02,5.028839E-03,1.941276E-03,6.790022E-04,2.130834E-04,5.955154E-05,1.466846E-05,3.121354E-06,5.571068E-07,8.052647E-08
-7.71787,37.80000,0.00000,9.132639E-01,9.062411E-01,8.921610E-01,8.665551E-01,8.238178E-01,7.587225E-01,6.697546E-01,5.621337E-01,4.467405E-01,3.351720E-01,2.358809E-01,1.539870E-01,9.211486E-02,5.009910E-02,2.475913E-02,1.116696E-02,4.607721E-03,1.729492E-03,5.830495E-04,1.745332E-04,4.623718E-05,1.085633E-05,2.245552E-06,3.997613E-07,5.889821E-08
-7.71787,37.90000,0.00000,9.120559E-01,9.049027E-01,8.905917E-01,8.646174E-01,8.213490E-01,7.555823E-01,6.659020E-01,5.576916E-01,4.419977E-01,3.305008E-01,2.316300E-01,1.504086E-01,8.933317E-02,4.811502E-02,2.347642E-02,1.042733E-02,4.234035E-03,1.566951E-03,5.232511E-04,1.562618E-04,4.168351E-05,9.945338E-06,2.101001E-06,3.816558E-07,5.713860E-08
-7.71787,38.00000,0.00000,9.113853E-01,9.041079E-01,8.895816E-01,8.632776E-01,8.195510E-01,7.532299E-01,6.629906E-01,5.543460E-01,4.384426E-01,3.270007E-01,2.284276E-01,1.476911E-01,8.720972E-02,4.660480E-02,2.251316E-02,9.886007E-03,3.971350E-03,1.459177E-03,4.866256E-04,1.461234E-04,3.941030E-05,9.523108E-06,2.031120E-06,3.701979E-07,5.528167E-08
-7.71787,38.10000,0.00000,9.111318E-01,9.037511E-01,8.890588E-01,8.625220E-01,8.185253E-01,7.519652E-01,6.616017E-01,5.529670E-01,4.371418E-01,3.257733E-01,2.272764E-01,1.466700E-01,8.639280E-02,4.602708E-02,2.215314E-02,9.688845E-03,3.877382E-03,1.420863E-03,4.735076E-04,1.423828E-04,3.850204E-05,9.319802E-06,1.984597E-06,3.594528E-07,5.306999E-08
-7.71787,38.20000,0.00000,9.114656E-01,9.039527E-01,8.890485E-01,8.622089E-01,8.178318E-01,7.508792E-01,6.602182E-01,5.514494E-01,4.356271E-01,3.243322E-01,2.259562E-01,1.455419E-01,8.552732E-02,4.544550E-02,2.181338E-02,9.516236E-03,3.801100E-03,1.391667E-03,4.639061E-04,1.396845E-04,3.784203E-05,9.168770E-06,1.949376E-06,3.512236E-07,5.136970E-08
-7.71787,38.30000,0.00000,9.114107E-01,9.037452E-01,8.885955E-01,8.614091E-01,8.166163E-01,7.492818E-01,6.584119E-01,5.496699E-01,4.340257E-01,3.229363E-01,2.247606E-01,1.445817E-01,8.484840E-02,4.503761E-02,2.160560E-02,9.423516E-03,3.762933E-03,1.376784E-03,4.585968E-04,1.380638E-04,3.743860E-05,9.086985E-06,1.935095E-06,3.488549E-07,5.099529E-08
-7.71787,38.40000,0.00000,9.066542E-01,8.987355E-01,8.831352E-01,8.552715E-01,8.096538E-01,7.415772E-01,6.503633E-01,5.418660E-01,4.269959E-01,3.170050E-01,2.200651E-01,1.411257E-01,8.251250E-02,4.359722E-02,2.079539E-02,9.008894E-03,3.572981E-03,1.301305E-03,4.335867E-04,1.314244E-04,3.609102E-05,8.897278E-06,1.924177E-06,3.518399E-07,5.217800E-08
-7.71787,38.50000,0.00000,9.012018E-01,8.930460E-01,8.770232E-01,8.485464E-01,8.022430E-01,7.336834E-01,6.425024E-01,5.346624E-01,4.208833E-01,3.121261E-01,2.163876E-01,1.385456E-01,8.086367E-02,4.264620E-02,2.029407E-02,8.762482E-03,3.460284E-03,1.255281E-03,4.178043E-04,1.271637E-04,3.526560E-05,8.816277E-06,1.937783E-06,3.607390E-07,5.463172E-08
-7.71787,38.60000,0.00000,8.992710E-01,8.909200E-01,8.745711E-01,8.456364E-01,7.988235E-01,7.298914E-01,6.386937E-01,5.312547E-01,4.181248E-01,3.100325E-01,2.148719E-01,1.375318E-01,8.027916E-02,4.210272E-02,1.986140E-02,8.743611E-03,3.458391E-03,1.254859E-03,4.173367E-04,1.269916E-04,3.529577E-05,8.876505E-06,1.970900E-06,3.722230E-07,5.745376E-08
-7.71787,38.70000,0.00000,8.977177E-01,8.891606E-01,8.724730E-01,8.430642E-01,7.957190E-01,7.263815E-01,6.351237E-01,5.280375E-01,4.155117E-01,3.080487E-01,2.134372E-01,1.365772E-01,7.973714E-02,4.072660E-02,1.919626E-02,8.544998E-03,3.461879E-03,1.256448E-03,4.174252E-04,1.269008E-04,3.530364E-05,8.912652E-06,1.992622E-06,3.800267E-07,5.941462E-08
-7.71787,38.80000,0.00000,8.959268E-01,8.871214E-01,8.700194E-01,8.400067E-01,7.919329E-01,7.219250E-01,6.303073E-01,5.233184E-01,4.112599E-01,3.044369E-01,2.105140E-01,1.343608E-01,7.634249E-02,3.901567E-02,1.845878E-02,8.254385E-03,3.348612E-03,1.211672E-03,4.024133E-04,1.228218E-04,3.443949E-05,8.775903E-06,1.977935E-06,3.794955E-07,5.962239E-08
-7.71787,38.90000,0.00000,8.846703E-01,8.755630E-01,8.579064E-01,8.270941E-01,7.781575E-01,7.076116E-01,6.162053E-01,5.103636E-01,4.002256E-01,2.957280E-01,2.041693E-01,1.277034E-01,7.107612E-02,3.605901E-02,1.694320E-02,7.539595E-03,3.213804E-03,1.160919E-03,3.859736E-04,1.183988E-04,3.345786E-05,8.585805E-06,1.941193E-06,3.718328E-07,5.810112E-08
-7.71787,39.00000,0.00000,8.813115E-01,8.719651E-01,8.538998E-01,8.224979E-01,7.728698E-01,7.017347E-01,6.101071E-01,5.045714E-01,3.951956E-01,2.916957E-01,1.957714E-01,1.199087E-01,6.686283E-02,3.407775E-02,1.612588E-02,7.237809E-03,3.133646E-03,1.152068E-03,3.834855E-04,1.176391E-04,3.320142E-05,8.492741E-06,1.908410E-06,3.619828E-07,5.579306E-08
-7.71787,39.10000,0.00000,8.772702E-01,8.676732E-01,8.491759E-01,8.171414E-01,7.667567E-01,6.949534E-01,6.030419E-01,4.977997E-01,3.892450E-01,2.868654E-01,1.917424E-01,1.169983E-01,6.500310E-02,3.304160E-02,1.562097E-02,7.018223E-03,3.045543E-03,1.122278E-03,3.742698E-04,1.151874E-04,3.262995E-05,8.364088E-06,1.876789E-06,3.539422E-07,5.400990E-08
-7.71787,39.20000,0.00000,8.790689E-01,8.692394E-01,8.503645E-01,8.177691E-01,7.666316E-01,6.939660E-01,6.012787E-01,4.955519E-01,3.816626E-01,2.721826E-01,1.800830E-01,1.091868E-01,6.023245E-02,3.035081E-02,1.419699E-02,6.306814E-03,2.712467E-03,1.106463E-03,3.702457E-04,1.143221E-04,3.247417E-05,8.341144E-06,1.874015E-06,3.536206E-07,5.396185E-08
-7.71787,39.30000,0.00000,8.711630E-01,8.610292E-01,8.416166E-01,8.082294E-01,7.561595E-01,6.826937E-01,5.896953E-01,4.844078E-01,3.688322E-01,2.617143E-01,1.722782E-01,1.039158E-01,5.702918E-02,2.859209E-02,1.331200E-02,5.892231E-03,2.530637E-03,1.033663E-03,3.479669E-04,1.088929E-04,3.149015E-05,8.237787E-06,1.881972E-06,3.608302E-07,5.602131E-08
-7.71787,39.40000,0.00000,8.596892E-01,8.493001E-01,8.294172E-01,7.953506E-01,7.425396E-01,6.685797E-01,5.701807E-01,4.545070E-01,3.419655E-01,2.416611E-01,1.587920E-01,9.586418E-02,5.281214E-02,2.665908E-02,1.252898E-02,5.605919E-03,2.433372E-03,9.937591E-04,3.373220E-04,1.067391E-04,3.125429E-05,8.286212E-06,1.922302E-06,3.756214E-07,5.973585E-08
-7.71787,39.50000,0.00000,8.611552E-01,8.505180E-01,8.302278E-01,7.955382E-01,7.418678E-01,6.599398E-01,5.532534E-01,4.387804E-01,3.286334E-01,2.313526E-01,1.515785E-01,9.134916E-02,5.029889E-02,2.540537E-02,1.195763E-02,5.363030E-03,2.336231E-03,9.598071E-04,3.278389E-04,1.046879E-04,3.098364E-05,8.313525E-06,1.956251E-06,3.891705E-07,6.330887E-08
-7.71787,39.60000,0.00000,8.555729E-01,8.446363E-01,8.238129E-01,7.883108E-01,7.335953E-01,6.532559E-01,5.461438E-01,4.320265E-01,3.228039E-01,2.266867E-01,1.480862E-01,8.892578E-02,4.876211E-02,2.452132E-02,1.149186E-02,5.132474E-03,2.225405E-03,8.765782E-04,3.025755E-04,9.856851E-05,2.986930E-05,8.190867E-06,1.962832E-06,3.968362E-07,6.561175E-08
-7.71787,39.70000,0.00000,8.464533E-01,8.352135E-01,8.133470E-01,7.687854E-01,7.018845E-01,6.126423E-01,5.076851E-01,3.983787E-01,2.956747E-01,2.066188E-01,1.346002E-01,8.077777E-02,4.434712E-02,2.235085E-02,1.050199E-02,4.705582E-03,2.051180E-03,8.055560E-04,2.810086E-04,9.323876E-05,2.881847E-05,8.026731E-06,1.941980E-06,3.944830E-07,6.533384E-08
-7.71787,39.80000,0.00000,8.336819E-01,8.187339E-01,7.909394E-01,7.449660E-01,6.770353E-01,5.879314E-01,4.847524E-01,3.786726E-01,2.799963E-01,1.950925E-01,1.268439E-01,7.606817E-02,4.179716E-02,2.112506E-02,9.976948E-03,4.504059E-03,1.982097E-03,7.704915E-04,2.703699E-04,9.042759E-05,2.814356E-05,7.863591E-06,1.898688E-06,3.828572E-07,6.262882E-08
-7.71787,39.90000,0.00000,8.150585E-01,7.993899E-01,7.705078E-01,7.232849E-01,6.544805E-01,5.655548E-01,4.640122E-01,3.608592E-01,2.658402E-01,1.847144E-01,1.198844E-01,7.184447E-02,3.949056E-02,1.998821E-02,9.467436E-03,4.296373E-03,1.906308E-03,6.946300E-04,2.448897E-04,8.300589E-05,2.624777E-05,7.422520E-06,1.799998E-06,3.613202E-07,5.833353E-08
-7.71787,40.00000,0.00000,7.891746E-01,7.729304E-01,7.432283E-01,6.952462E-01,6.263594E-01,5.386939E-01,4.399928E-01,3.408775E-01,2.503741E-01,1.736027E-01,1.125345E-01,6.741916E-02,3.708312E-02,1.880195E-02,8.930431E-03,4.067875E-03,1.765114E-03,6.357948E-04,2.213898E-04,7.389732E-05,2.297669E-05,6.396669E-06,1.531297E-06,3.040168E-07,4.854897E-08
-7.71787,40.10000,0.00000,7.606794E-01,7.439919E-01,7.136838E-01,6.652256E-01,5.965672E-01,5.104155E-01,4.146895E-01,3.196590E-01,2.337284E-01,1.614466E-01,1.043544E-01,6.240260E-02,3.429183E-02,1.738491E-02,8.267026E-03,3.781845E-03,1.647438E-03,5.859882E-04,2.001677E-04,6.492974E-05,1.942382E-05,5.160119E-06,1.172354E-06,2.202338E-07,3.320464E-08
-7.71787,40.20000,0.00000,7.436309E-01,7.265477E-01,6.957095E-01,6.467984E-01,5.781291E-01,4.927956E-01,3.988354E-01,3.062907E-01,2.231594E-01,1.536334E-01,9.901008E-02,5.907224E-02,3.242743E-02,1.645489E-02,7.855332E-03,3.622996E-03,1.497940E-03,5.319822E-04,1.831050E-04,6.030830E-05,1.835856E-05,4.947139E-06,1.133308E-06,2.133051E-07,3.203409E-08
-7.71787,40.30000,0.00000,7.103003E-01,6.931685E-01,6.624060E-01,6.140203E-01,5.468234E-01,4.642718E-01,3.743245E-01,2.864993E-01,2.081718E-01,1.430603E-01,9.215908E-02,5.505954E-02,3.032472E-02,1.546814E-02,7.436527E-03,3.461472E-03,1.444738E-03,5.142425E-04,1.778051E-04,5.890266E-05,1.803108E-05,4.879787E-06,1.120747E-06,2.111701E-07,3.171457E-08
-7.71787,40.40000,0.00000,6.531652E-01,6.370911E-01,6.081503E-01,5.627949E-01,5.003120E-01,4.242913E-01,3.422060E-01,2.623829E-01,1.902029E-01,1.304157E-01,8.457527E-02,5.094590E-02,2.772418E-02,1.418709E-02,6.914970E-03,3.268212E-03,1.395951E-03,4.985114E-04,1.733977E-04,5.786360E-05,1.784303E-05,4.862825E-06,1.124976E-06,2.137404E-07,3.243541E-08
-7.71787,40.50000,0.00000,6.385728E-01,6.224285E-01,5.934658E-01,5.482795E-01,4.863634E-01,4.114673E-01,3.310539E-01,2.535190E-01,1.840642E-01,1.255943E-01,8.142644E-02,4.883793E-02,2.666652E-02,1.352852E-02,6.578491E-03,3.099209E-03,1.350577E-03,4.854991E-04,1.703478E-04,5.735856E-05,1.783725E-05,4.902756E-06,1.145383E-06,2.202910E-07,3.395175E-08
-7.71787,40.60000,0.00000,6.353293E-01,6.187748E-01,5.892564E-01,5.434693E-01,4.810841E-01,4.060446E-01,3.259101E-01,2.485540E-01,1.795480E-01,1.225314E-01,7.930174E-02,4.746952E-02,2.575784E-02,1.303752E-02,6.315828E-03,2.966739E-03,1.319841E-03,4.772570E-04,1.685909E-04,5.714345E-05,1.788266E-05,4.948452E-06,1.165625E-06,2.265702E-07,3.539271E-08
-7.71787,40.70000,0.00000,6.165329E-01,6.001412E-01,5.709854E-01,5.259212E-01,4.647974E-01,3.916295E-01,3.138406E-01,2.385533E-01,1.720586E-01,1.175632E-01,7.584000E-02,4.534696E-02,2.459729E-02,1.248827E-02,6.057062E-03,2.851498E-03,1.284045E-03,4.675316E-04,1.663723E-04,5.676132E-05,1.785730E-05,4.963603E-06,1.174409E-06,2.294557E-07,3.606603E-08
-7.71787,40.80000,0.00000,5.424321E-01,5.286092E-01,5.035385E-01,4.643092E-01,4.107443E-01,3.464068E-01,2.778699E-01,2.122814E-01,1.548092E-01,1.077416E-01,7.126808E-02,4.211619E-02,2.341860E-02,1.167744E-02,5.682340E-03,2.704229E-03,1.266681E-03,4.636938E-04,1.656521E-04,5.662212E-05,1.781714E-05,4.947358E-06,1.168270E-06,2.276143E-07,3.564838E-08
-7.71787,40.90000,0.00000,5.397101E-01,5.255826E-01,5.001068E-01,4.604554E-01,4.065963E-01,3.422293E-01,2.739792E-01,2.089230E-01,1.520904E-01,1.056479E-01,6.969355E-02,4.089961E-02,2.274314E-02,1.136209E-02,5.448400E-03,2.574637E-03,1.199275E-03,4.613349E-04,1.651796E-04,5.645515E-05,1.772472E-05,4.900584E-06,1.149693E-06,2.219845E-07,3.436417E-08
-7.71787,41.00000,0.00000,5.320833E-01,5.178338E-01,4.922428E-01,4.525826E-01,3.989514E-01,3.351438E-01,2.677737E-01,2.037985E-01,1.480893E-01,1.026874E-01,6.737574E-02,3.955722E-02,2.199865E-02,1.102979E-02,5.225040E-03,2.463131E-03,1.147346E-03,4.609772E-04,1.652917E-04,5.641038E-05,1.764476E-05,4.850097E-06,1.128459E-06,2.154459E-07,3.286522E-08
-7.71787,41.10000,0.00000,5.200087E-01,5.058783E-01,4.805549E-01,4.414168E-01,3.886608E-01,3.261060E-01,2.602668E-01,1.979097E-01,1.437150E-01,9.960698E-02,6.559625E-02,3.915218E-02,2.169900E-02,1.092018E-02,5.037716E-03,2.376159E-03,1.110974E-03,4.642210E-04,1.666315E-04,5.678022E-05,1.769769E-05,4.839895E-06,1.118562E-06,2.117307E-07,3.194662E-08
-7.71787,41.20000,0.00000,5.040133E-01,4.902323E-01,4.655346E-01,4.273998E-01,3.760808E-01,3.153495E-01,2.515491E-01,1.912126E-01,1.388309E-01,9.622762E-02,6.338380E-02,3.816043E-02,2.092737E-02,1.068848E-02,4.844383E-03,2.286203E-03,1.073060E-03,4.718642E-04,1.705486E-04,5.839799E-05,1.826735E-05,5.010636E-06,1.161123E-06,2.203292E-07,3.332227E-08
-7.71787,41.30000,0.00000,4.817753E-01,4.686491E-01,4.450405E-01,4.085218E-01,3.593662E-01,3.012380E-01,2.402392E-01,1.826139E-01,1.326307E-01,9.200320E-02,6.068369E-02,3.777058E-02,2.026981E-02,1.042208E-02,4.790911E-03,2.183655E-03,1.021446E-03,4.804926E-04,1.748238E-04,6.009930E-05,1.887337E-05,5.202374E-06,1.213607E-06,2.323483E-07,3.555335E-08
-7.71787,41.40000,0.00000,4.805987E-01,4.670876E-01,4.429714E-01,4.059310E-01,3.564009E-01,2.981825E-01,2.374058E-01,1.802171E-01,1.307385E-01,9.057499E-02,5.963666E-02,3.700310E-02,1.991056E-02,1.013782E-02,4.734245E-03,2.106817E-03,9.818133E-04,4.606852E-04,1.776410E-04,6.108356E-05,1.919011E-05,5.304286E-06,1.245499E-06,2.410825E-07,3.747477E-08
-7.71787,41.50000,0.00000,4.716210E-01,4.580585E-01,4.339612E-01,3.971267E-01,3.481152E-01,2.907826E-01,2.311904E-01,1.753108E-01,1.270883E-01,8.801087E-02,5.793896E-02,3.603975E-02,1.972437E-02,1.005292E-02,4.723692E-03,2.043458E-03,9.507978E-04,4.436194E-04,1.821874E-04,6.258403E-05,1.962515E-05,5.424808E-06,1.278609E-06,2.495277E-07,3.928131E-08
-7.71787,41.60000,0.00000,4.597482E-01,4.463304E-01,4.225569E-01,3.863357E-01,3.383119E-01,2.823348E-01,2.243273E-01,1.700523E-01,1.232735E-01,8.538592E-02,5.623009E-02,3.498648E-02,1.946589E-02,9.831889E-03,4.727791E-03,2.004875E-03,9.226706E-04,4.265986E-04,1.937512E-04,6.698524E-05,2.103526E-05,5.801894E-06,1.362301E-06,2.648959E-07,4.160133E-08
-7.71787,41.70000,0.00000,4.343917E-01,4.218758E-01,3.995860E-01,3.655145E-01,3.202619E-01,2.674676E-01,2.127182E-01,1.614521E-01,1.172276E-01,8.137345E-02,5.374070E-02,3.354989E-02,1.899376E-02,9.530505E-03,4.678747E-03,2.056767E-03,8.941097E-04,4.100543E-04,1.834491E-04,7.684146E-05,2.473781E-05,6.981590E-06,1.673399E-06,3.312291E-07,5.279897E-08
-7.71787,41.80000,0.00000,4.334149E-01,4.205042E-01,3.977028E-01,3.631235E-01,3.175335E-01,2.646995E-01,2.102109E-01,1.593902E-01,1.156466E-01,8.020975E-02,5.290276E-02,3.295546E-02,1.881138E-02,9.538604E-03,4.572220E-03,2.100141E-03,8.691659E-04,3.925317E-04,1.732090E-04,7.283094E-05,2.623984E-05,7.309361E-06,1.721218E-06,3.337539E-07,5.201587E-08
-7.71787,41.90000,0.00000,4.263001E-01,4.132737E-01,3.903993E-01,3.559094E-01,3.107008E-01,2.585974E-01,2.051179E-01,1.554141E-01,1.127216E-01,7.816836E-02,5.154822E-02,3.209855E-02,1.840995E-02,9.480322E-03,4.548649E-03,2.145062E-03,9.040770E-04,3.811976E-04,1.676614E-04,7.044251E-05,2.778899E-05,8.323629E-06,1.958608E-06,3.758026E-07,5.740081E-08
-7.71787,42.00000,0.00000,4.094431E-01,3.968356E-01,3.747139E-01,3.414161E-01,2.978733E-01,2.478189E-01,1.965558E-01,1.489798E-01,1.081364E-01,7.507370E-02,4.958147E-02,3.092622E-02,1.812839E-02,9.483048E-03,4.468332E-03,2.088588E-03,9.266846E-04,3.771111E-04,1.644132E-04,6.924298E-05,2.742995E-05,8.446544E-06,1.934960E-06,3.588773E-07,5.264360E-08
-7.71787,42.10000,0.00000,3.852389E-01,3.735511E-01,3.529408E-01,3.218130E-01,2.810228E-01,2.340686E-01,1.859224E-01,1.411753E-01,1.026973E-01,7.148997E-02,4.736947E-02,2.965415E-02,1.743711E-02,9.195745E-03,4.522804E-03,2.058086E-03,9.519358E-04,4.044244E-04,1.622119E-04,6.825013E-05,2.714312E-05,9.960674E-06,2.767086E-06,5.679969E-07,9.359744E-08
-7.71787,42.20000,0.00000,3.818886E-01,3.699257E-01,3.489884E-01,3.176001E-01,2.767668E-01,2.300800E-01,1.824903E-01,1.384542E-01,1.006836E-01,7.007499E-02,4.641179E-02,2.902305E-02,1.702708E-02,9.121902E-03,4.586689E-03,2.100774E-03,9.235918E-04,4.084551E-04,1.671305E-04,6.674807E-05,2.656447E-05,9.756153E-06,2.830751E-06,5.701701E-07,9.184236E-08
-7.61787,36.90000,0.00000,8.720986E-01,8.453329E-01,8.052097E-01,7.494033E-01,6.777471E-01,5.929821E-01,5.002140E-01,4.055212E-01,3.148831E-01,2.334776E-01,1.650496E-01,1.112523E-01,7.155175E-02,4.388442E-02,2.559828E-02,1.413988E-02,7.356973E-03,3.580391E-03,1.612130E-03,6.602595E-04,2.402911E-04,7.561904E-05,2.002008E-05,4.350595E-06,7.597964E-07
-7.61787,37.00000,0.00000,8.749493E-01,8.482196E-01,8.079861E-01,7.517494E-01,6.792157E-01,5.931572E-01,4.989098E-01,4.028702E-01,3.112950E-01,2.295024E-01,1.612323E-01,1.080046E-01,6.908260E-02,4.220382E-02,2.457991E-02,1.359915E-02,7.112874E-03,3.491885E-03,1.589995E-03,6.593620E-04,2.430868E-04,7.750639E-05,2.078763E-05,4.572628E-06,8.067900E-07
-7.61787,37.10000,0.00000,8.763964E-01,8.497454E-01,8.094541E-01,7.528566E-01,6.795070E-01,5.921785E-01,4.964163E-01,3.989623E-01,3.063865E-01,2.241800E-01,1.560924E-01,1.035184E-01,6.551409E-02,3.960334E-02,2.283754E-02,1.252472E-02,6.504815E-03,3.177176E-03,1.441181E-03,5.949934E-04,2.177570E-04,6.864226E-05,1.813064E-05,3.916525E-06,6.774690E-07
-7.61787,37.20000,0.00000,9.058757E-01,8.988858E-01,8.848602E-01,8.595003E-01,8.176616E-01,7.548789E-01,6.702495E-01,5.686405E-01,4.593934E-01,3.523310E-01,2.550390E-01,1.727832E-01,1.087728E-01,6.351279E-02,3.451413E-02,1.751980E-02,8.292907E-03,3.631213E-03,1.455723E-03,5.289945E-04,1.720991E-04,4.915443E-05,1.199777E-05,2.429504E-06,3.967226E-07
-7.61787,37.30000,0.00000,9.072434E-01,9.002588E-01,8.862331E-01,8.608252E-01,8.187892E-01,7.555035E-01,6.699508E-01,5.670765E-01,4.565209E-01,3.484425E-01,2.506135E-01,1.683147E-01,1.046834E-01,6.010233E-02,3.192317E-02,1.572584E-02,7.159001E-03,2.977591E-03,1.115296E-03,3.719098E-04,1.095771E-04,2.828506E-05,6.300538E-06,1.183302E-06,1.819528E-07
-7.61787,37.40000,0.00000,9.080288E-01,9.010258E-01,8.869551E-01,8.614292E-01,8.191012E-01,7.552050E-01,6.686357E-01,5.644445E-01,4.526147E-01,3.436589E-01,2.455243E-01,1.634672E-01,1.004915E-01,5.680464E-02,2.957339E-02,1.421862E-02,6.293509E-03,2.534945E-03,9.150263E-04,2.926078E-04,8.251621E-05,2.048075E-05,4.439060E-06,8.243230E-07,1.273412E-07
-7.61787,37.50000,0.00000,9.091786E-01,9.021450E-01,8.880168E-01,8.623625E-01,8.197404E-01,7.552489E-01,6.677119E-01,5.623007E-01,4.493400E-01,3.396795E-01,2.414044E-01,1.596902E-01,9.735753E-02,5.443491E-02,2.794993E-02,1.322734E-02,5.766607E-03,2.298358E-03,8.288334E-04,2.687346E-04,7.822145E-05,2.033720E-05,4.639274E-06,9.006710E-07,1.435752E-07
-7.61787,37.60000,0.00000,9.102309E-01,9.031545E-01,8.889521E-01,8.631517E-01,8.202264E-01,7.551544E-01,6.666945E-01,5.601557E-01,4.461823E-01,3.359484E-01,2.376233E-01,1.562660E-01,9.452795E-02,5.229549E-02,2.648817E-02,1.234323E-02,5.304273E-03,2.094947E-03,7.562876E-04,2.490281E-04,7.466463E-05,2.011464E-05,4.718964E-06,9.252876E-07,1.457560E-07
-7.61787,37.70000,0.00000,9.112220E-01,9.040895E-01,8.897931E-01,8.638253E-01,8.205892E-01,7.549744E-01,6.657097E-01,5.582359E-01,4.434645E-01,3.327858E-01,2.344126E-01,1.533139E-01,9.203080E-02,5.035829E-02,2.512887E-02,1.149109E-02,4.828120E-03,1.855349E-03,6.457351E-04,2.018448E-04,5.637400E-05,1.394348E-05,2.991518E-06,5.392886E-07,7.872734E-08
-7.61787,37.80000,0.00000,9.083278E-01,9.011010E-01,8.866146E-01,8.603214E-01,8.166088E-01,7.503995E-01,6.605256E-01,5.526088E-01,4.377257E-01,3.273424E-01,2.295978E-01,1.493156E-01,8.890777E-02,4.808447E-02,2.361342E-02,1.058321E-02,4.344528E-03,1.626324E-03,5.487215E-04,1.651020E-04,4.415922E-05,1.050268E-05,2.202533E-06,3.971083E-07,5.918916E-08
-7.61787,37.90000,0.00000,9.098654E-01,9.025506E-01,8.879267E-01,8.614228E-01,8.173772E-01,7.506685E-01,6.601440E-01,5.515325E-01,4.360629E-01,3.253123E-01,2.274572E-01,1.473063E-01,8.722226E-02,4.682713E-02,2.278472E-02,1.010374E-02,4.102481E-03,1.520477E-03,5.091052E-04,1.526433E-04,4.094523E-05,9.840166E-06,2.096489E-06,3.844380E-07,5.817699E-08
-7.61787,38.00000,0.00000,9.080650E-01,9.006140E-01,8.857413E-01,8.588454E-01,8.142533E-01,7.468973E-01,6.557581E-01,5.467384E-01,4.312091E-01,3.207745E-01,2.235283E-01,1.441478E-01,8.486995E-02,4.521712E-02,2.178861E-02,9.558340E-03,3.844223E-03,1.417034E-03,4.747495E-04,1.433335E-04,3.890004E-05,9.468890E-06,2.036952E-06,3.750278E-07,5.669134E-08
-7.61787,38.10000,0.00000,9.092297E-01,9.016625E-01,8.866098E-01,8.594480E-01,8.144884E-01,7.466758E-01,6.550550E-01,5.456286E-01,4.298251E-01,3.192587E-01,2.220236E-01,1.427972E-01,8.379206E-02,4.446387E-02,2.133153E-02,9.318808E-03,3.736414E-03,1.375695E-03,4.613728E-04,1.396950E-04,3.804917E-05,9.283417E-06,1.994855E-06,3.651781E-07,5.462202E-08
-7.61787,38.20000,0.00000,9.112815E-01,9.036117E-01,8.884117E-01,8.610567E-01,8.158613E-01,7.477983E-01,6.559587E-01,5.463479E-01,4.303273E-01,3.194618E-01,2.218962E-01,1.424327E-01,8.335945E-02,4.410179E-02,2.109264E-02,9.188213E-03,3.675812E-03,1.351680E-03,4.533044E-04,1.374126E-04,3.749340E-05,9.156247E-06,1.964350E-06,3.577287E-07,5.301357E-08
-7.61787,38.30000,0.00000,9.069716E-01,8.990753E-01,8.834695E-01,8.554997E-01,8.095448E-01,7.407790E-01,6.485783E-01,5.391316E-01,4.237647E-01,3.138677E-01,2.174177E-01,1.390924E-01,8.106284E-02,4.265653E-02,2.026247E-02,8.756110E-03,3.475870E-03,1.271955E-03,4.268594E-04,1.303418E-04,3.600595E-05,8.913711E-06,1.933770E-06,3.547206E-07,5.279264E-08
-7.61787,38.40000,0.00000,9.027421E-01,8.946202E-01,8.786120E-01,8.500361E-01,8.033381E-01,7.338966E-01,6.413673E-01,5.321200E-01,4.174375E-01,3.085287E-01,2.131980E-01,1.359966E-01,7.898227E-02,4.138699E-02,1.956105E-02,8.405767E-03,3.319554E-03,1.211297E-03,4.071447E-04,1.252060E-04,3.499959E-05,8.789894E-06,1.935364E-06,3.603212E-07,5.451003E-08
-7.61787,38.50000,0.00000,8.985039E-01,8.901595E-01,8.737601E-01,8.446147E-01,7.972626E-01,7.273118E-01,6.347001E-01,5.259219E-01,4.121346E-01,3.043144E-01,2.100949E-01,1.339215E-01,7.776085E-02,4.076910E-02,1.929356E-02,8.303668E-03,3.283038E-03,1.198596E-03,4.031030E-04,1.242136E-04,3.489220E-05,8.838942E-06,1.971323E-06,3.734789E-07,5.781450E-08
-7.61787,38.60000,0.00000,8.975284E-01,8.889984E-01,8.722988E-01,8.427410E-01,7.949425E-01,7.246845E-01,6.320940E-01,5.236841E-01,4.104135E-01,3.030440E-01,2.091601E-01,1.332736E-01,7.738334E-02,4.060501E-02,1.908026E-02,8.298958E-03,3.283625E-03,1.197827E-03,4.022463E-04,1.239271E-04,3.491998E-05,8.913480E-06,2.012961E-06,3.881607E-07,6.149941E-08
-7.61787,38.70000,0.00000,8.980187E-01,8.893092E-01,8.723274E-01,8.423811E-01,7.941355E-01,7.235004E-01,6.307538E-01,5.224490E-01,4.094075E-01,3.022275E-01,2.084673E-01,1.327147E-01,7.700362E-02,3.912253E-02,1.832716E-02,8.092501E-03,3.275524E-03,1.194392E-03,4.007522E-04,1.234803E-04,3.488072E-05,8.953308E-06,2.039767E-06,3.980314E-07,6.402743E-08
-7.61787,38.80000,0.00000,8.935101E-01,8.845432E-01,8.671157E-01,8.365235E-01,7.875376E-01,7.163123E-01,6.234182E-01,5.155443E-01,4.033806E-01,2.972864E-01,2.046509E-01,1.296520E-01,7.188958E-02,3.619582E-02,1.680433E-02,7.363171E-03,3.109503E-03,1.145237E-03,3.843624E-04,1.190698E-04,3.395709E-05,8.808381E-06,2.024127E-06,3.973736E-07,6.420493E-08
-7.61787,38.90000,0.00000,8.854139E-01,8.761376E-01,8.581563E-01,8.267566E-01,7.768462E-01,7.049060E-01,6.118999E-01,5.047247E-01,3.939722E-01,2.896984E-01,1.989857E-01,1.244111E-01,6.887968E-02,3.471934E-02,1.618383E-02,7.135527E-03,3.008609E-03,1.091074E-03,3.667990E-04,1.143533E-04,3.290589E-05,8.598962E-06,1.980685E-06,3.874929E-07,6.208788E-08
-7.61787,39.00000,0.00000,8.795731E-01,8.700487E-01,8.516330E-01,8.196098E-01,7.690030E-01,6.965542E-01,6.035326E-01,4.969857E-01,3.873881E-01,2.845295E-01,1.932332E-01,1.177726E-01,6.525020E-02,3.298232E-02,1.545240E-02,6.860392E-03,2.939630E-03,1.079202E-03,3.632155E-04,1.132687E-04,3.256100E-05,8.478622E-06,1.938260E-06,3.744953E-07,5.895010E-08
-7.61787,39.10000,0.00000,8.757434E-01,8.659701E-01,8.471298E-01,8.144935E-01,7.631645E-01,6.900887E-01,5.968113E-01,4.905470E-01,3.817157E-01,2.798972E-01,1.877969E-01,1.140033E-01,6.292419E-02,3.171366E-02,1.483707E-02,6.590884E-03,2.831251E-03,1.046511E-03,3.529201E-04,1.105025E-04,3.190667E-05,8.325383E-06,1.898326E-06,3.637990E-07,5.648691E-08
-7.61787,39.20000,0.00000,8.728874E-01,8.628266E-01,8.434972E-01,8.101409E-01,7.579163E-01,6.839614E-01,5.901077E-01,4.837978E-01,3.739533E-01,2.654272E-01,1.747080E-01,1.052847E-01,5.762662E-02,2.873441E-02,1.326108E-02,5.803739E-03,2.464695E-03,9.829624E-04,3.328859E-04,1.053746E-04,3.086232E-05,8.156139E-06,1.875326E-06,3.607907E-07,5.606151E-08
-7.61787,39.30000,0.00000,8.690567E-01,8.587384E-01,8.389682E-01,8.049658E-01,7.519593E-01,6.772857E-01,5.830582E-01,4.769265E-01,3.630511E-01,2.568699E-01,1.685600E-01,1.012866E-01,5.530639E-02,2.754008E-02,1.271084E-02,5.570563E-03,2.370088E-03,9.618333E-04,3.275581E-04,1.043528E-04,3.076699E-05,8.188675E-06,1.898550E-06,3.691567E-07,5.816425E-08
-7.61787,39.40000,0.00000,8.594550E-01,8.488784E-01,8.286448E-01,7.939724E-01,7.402287E-01,6.650484E-01,5.682895E-01,4.519890E-01,3.391504E-01,2.389041E-01,1.563708E-01,9.394171E-02,5.142910E-02,2.575521E-02,1.198885E-02,5.308820E-03,2.282619E-03,9.338321E-04,3.204269E-04,1.030209E-04,3.067978E-05,8.257593E-06,1.941109E-06,3.842812E-07,6.198186E-08
-7.61787,39.50000,0.00000,8.546135E-01,8.437524E-01,8.230183E-01,7.875870E-01,7.328764E-01,6.567144E-01,5.499262E-01,4.350571E-01,3.249141E-01,2.280025E-01,1.488291E-01,8.928224E-02,4.887353E-02,2.450230E-02,1.142986E-02,5.077239E-03,2.192742E-03,8.603312E-04,2.983319E-04,9.774364E-05,2.975892E-05,8.181916E-06,1.961999E-06,3.964246E-07,6.543966E-08
-7.61787,39.60000,0.00000,8.517284E-01,8.405902E-01,8.193816E-01,7.832403E-01,7.276273E-01,6.383449E-01,5.309628E-01,4.176579E-01,3.102829E-01,2.167164E-01,1.408781E-01,8.419832E-02,4.592020E-02,2.292285E-02,1.063592E-02,4.696707E-03,2.018773E-03,8.058856E-04,2.819558E-04,9.381239E-05,2.905669E-05,8.112115E-06,1.970359E-06,4.028161E-07,6.731032E-08
-7.61787,39.70000,0.00000,8.482671E-01,8.368544E-01,8.120028E-01,7.670548E-01,6.996164E-01,6.097712E-01,5.043217E-01,3.948145E-01,2.922653E-01,2.036484E-01,1.322215E-01,7.902052E-02,4.315076E-02,2.160097E-02,1.006831E-02,4.473235E-03,1.935931E-03,7.752500E-04,2.734600E-04,9.184216E-05,2.866385E-05,8.036584E-06,1.953651E-06,3.986393E-07,6.634954E-08
-7.61787,39.80000,0.00000,8.344911E-01,8.194339E-01,7.914345E-01,7.451088E-01,6.766443E-01,5.868760E-01,4.830585E-01,3.765530E-01,2.777505E-01,1.929824E-01,1.250380E-01,7.464914E-02,4.077765E-02,2.045888E-02,9.580652E-03,4.287944E-03,1.873462E-03,7.433095E-04,2.638330E-04,8.925456E-05,2.800576E-05,7.860014E-06,1.901829E-06,3.839622E-07,6.288186E-08
-7.61787,39.90000,0.00000,8.160302E-01,8.002470E-01,7.711493E-01,7.235594E-01,6.542099E-01,5.646223E-01,4.624655E-01,3.589227E-01,2.638031E-01,1.828151E-01,1.182674E-01,7.057770E-02,3.858221E-02,1.939542E-02,9.114468E-03,4.102495E-03,1.807161E-03,6.709963E-04,2.385615E-04,8.148333E-05,2.587524E-05,7.322865E-06,1.773576E-06,3.552913E-07,5.723309E-08
-7.61787,40.00000,0.00000,7.825421E-01,7.661045E-01,7.360691E-01,6.876327E-01,6.182865E-01,5.303561E-01,4.317963E-01,3.333241E-01,2.439031E-01,1.684703E-01,1.087742E-01,6.487241E-02,3.548006E-02,1.785630E-02,8.404813E-03,3.793073E-03,1.678319E-03,6.071628E-04,2.104298E-04,6.937118E-05,2.107712E-05,5.680676E-06,1.309509E-06,2.500410E-07,3.844040E-08
-7.61787,40.10000,0.00000,7.568711E-01,7.400426E-01,7.094880E-01,6.606761E-01,5.916235E-01,5.051767E-01,4.094175E-01,3.147082E-01,2.294235E-01,1.579896E-01,1.017973E-01,6.066541E-02,3.320789E-02,1.675963E-02,7.929279E-03,3.607744E-03,1.599474E-03,5.691580E-04,1.942064E-04,6.255363E-05,1.844160E-05,4.804753E-06,1.070734E-06,1.982533E-07,2.967609E-08
-7.61787,40.20000,0.00000,7.445239E-01,7.272750E-01,6.961492E-01,6.467918E-01,5.775304E-01,4.915548E-01,3.970690E-01,3.042499E-01,2.211253E-01,1.518190E-01,9.753381E-02,5.797090E-02,3.167628E-02,1.598712E-02,7.587544E-03,3.479173E-03,1.456759E-03,5.219140E-04,1.816947E-04,6.042507E-05,1.850725E-05,5.007552E-06,1.152478E-06,2.184771E-07,3.316557E-08
-7.61787,40.30000,0.00000,7.118655E-01,6.945463E-01,6.634642E-01,6.145967E-01,5.467762E-01,4.635563E-01,3.730541E-01,2.849117E-01,2.065253E-01,1.415513E-01,9.090147E-02,5.409962E-02,2.965618E-02,1.504453E-02,7.191002E-03,3.329234E-03,1.408548E-03,5.054712E-04,1.765958E-04,5.903438E-05,1.818777E-05,4.947582E-06,1.143194E-06,2.172463E-07,3.301965E-08
-7.61787,40.40000,0.00000,6.539546E-01,6.376719E-01,6.083907E-01,5.625588E-01,4.995093E-01,4.229445E-01,3.404756E-01,2.603735E-01,1.882181E-01,1.288714E-01,8.323459E-02,4.999779E-02,2.709898E-02,1.379629E-02,6.689817E-03,3.147323E-03,1.352471E-03,4.865455E-04,1.709955E-04,5.762328E-05,1.791058E-05,4.917279E-06,1.147655E-06,2.206338E-07,3.401506E-08
-7.61787,40.50000,0.00000,6.389472E-01,6.226144E-01,5.933460E-01,5.477353E-01,4.853257E-01,4.099698E-01,3.292516E-01,2.516363E-01,1.823916E-01,1.242373E-01,8.023386E-02,4.796265E-02,2.618715E-02,1.316540E-02,6.372972E-03,2.991957E-03,1.316083E-03,4.754439E-04,1.681197E-04,5.708660E-05,1.789862E-05,4.963596E-06,1.172800E-06,2.290321E-07,3.602770E-08
-7.61787,40.60000,0.00000,6.247217E-01,6.083422E-01,5.791006E-01,5.337424E-01,4.720064E-01,3.978795E-01,3.188971E-01,2.432962E-01,1.762970E-01,1.199314E-01,7.724479E-02,4.612149E-02,2.516124E-02,1.262298E-02,6.107755E-03,2.868017E-03,1.282451E-03,4.662095E-04,1.660664E-04,5.681589E-05,1.794944E-05,5.019863E-06,1.198638E-06,2.373018E-07,3.798807E-08
-7.61787,40.70000,0.00000,6.120459E-01,5.959848E-01,5.666919E-01,5.214703E-01,4.602402E-01,3.871141E-01,3.095897E-01,2.343727E-01,1.680498E-01,1.151961E-01,7.376547E-02,4.400141E-02,2.381985E-02,1.212759E-02,5.872845E-03,2.763641E-03,1.243457E-03,4.554732E-04,1.635803E-04,5.639030E-05,1.792885E-05,5.042492E-06,1.211189E-06,2.414797E-07,3.899142E-08
-7.61787,40.80000,0.00000,5.437335E-01,5.296560E-01,5.041965E-01,4.644650E-01,4.103582E-01,3.455474E-01,2.767035E-01,2.110102E-01,1.535999E-01,1.066947E-01,7.042576E-02,4.143103E-02,2.299771E-02,1.142017E-02,5.538086E-03,2.630758E-03,1.230149E-03,4.522163E-04,1.628852E-04,5.624094E-05,1.788640E-05,5.026408E-06,1.205176E-06,2.396526E-07,3.856484E-08
-7.61787,40.90000,0.00000,5.404769E-01,5.261143E-01,5.002798E-01,4.601741E-01,4.058340E-01,3.410611E-01,2.725680E-01,2.074610E-01,1.507377E-01,1.045007E-01,6.861191E-02,4.014452E-02,2.232281E-02,1.108938E-02,5.315820E-03,2.508862E-03,1.168015E-03,4.491338E-04,1.621892E-04,5.600994E-05,1.777418E-05,4.971910E-06,1.183409E-06,2.328900E-07,3.696922E-08
-7.61787,41.00000,0.00000,5.304003E-01,5.160348E-01,4.902748E-01,4.504202E-01,3.966303E-01,3.327740E-01,2.655107E-01,2.017898E-01,1.464260E-01,1.013955E-01,6.656864E-02,3.898136E-02,2.163160E-02,1.081156E-02,5.112846E-03,2.408702E-03,1.120407E-03,4.487131E-04,1.621372E-04,5.588927E-05,1.766556E-05,4.910164E-06,1.157706E-06,2.248327E-07,3.506549E-08
-7.61787,41.10000,0.00000,5.223100E-01,5.078521E-01,4.820372E-01,4.422749E-01,3.888549E-01,3.257204E-01,2.594880E-01,1.969543E-01,1.427606E-01,9.876307E-02,6.491553E-02,3.809542E-02,2.112740E-02,1.059034E-02,4.939419E-03,2.328150E-03,1.086400E-03,4.497804E-04,1.627944E-04,5.605981E-05,1.766470E-05,4.885614E-06,1.143824E-06,2.200080E-07,3.387553E-08
-7.61787,41.20000,0.00000,5.056919E-01,4.915680E-01,4.663600E-01,4.275903E-01,3.756175E-01,3.143482E-01,2.502298E-01,1.898140E-01,1.375366E-01,9.514415E-02,6.255434E-02,3.763932E-02,2.057784E-02,1.048138E-02,4.754053E-03,2.245319E-03,1.052639E-03,4.561642E-04,1.658069E-04,5.726809E-05,1.809218E-05,5.017520E-06,1.178211E-06,2.273597E-07,3.513095E-08
-7.61787,41.30000,0.00000,4.823033E-01,4.689739E-01,4.450721E-01,4.082041E-01,3.587123E-01,3.003398E-01,2.392372E-01,1.816399E-01,1.317706E-01,9.129345E-02,6.013116E-02,3.698946E-02,1.980232E-02,1.027935E-02,4.651319E-03,2.151758E-03,1.006631E-03,4.631590E-04,1.690852E-04,5.860195E-05,1.858736E-05,5.184886E-06,1.227977E-06,2.397994E-07,3.764787E-08
-7.61787,41.40000,0.00000,4.727126E-01,4.593876E-01,4.355834E-01,3.990149E-01,3.501359E-01,2.927345E-01,2.328834E-01,1.766460E-01,1.280670E-01,8.869770E-02,5.841265E-02,3.636836E-02,1.954722E-02,9.956270E-03,4.619282E-03,2.077144E-03,9.711208E-04,4.560600E-04,1.716998E-04,5.951998E-05,1.890396E-05,5.298264E-06,1.266895E-06,2.511737E-07,4.027549E-08
-7.61787,41.50000,0.00000,4.660608E-01,4.526219E-01,4.287387E-01,3.922372E-01,3.436954E-01,2.869593E-01,2.280405E-01,1.728408E-01,1.252437E-01,8.670250E-02,5.706539E-02,3.549698E-02,1.915823E-02,9.754055E-03,4.576404E-03,2.019708E-03,9.439248E-04,4.439568E-04,1.755297E-04,6.080685E-05,1.930151E-05,5.422155E-06,1.305515E-06,2.619916E-07,4.274784E-08
-7.61787,41.60000,0.00000,4.499948E-01,4.369127E-01,4.136821E-01,3.782367E-01,3.312084E-01,2.763806E-01,2.195706E-01,1.664311E-01,1.206511E-01,8.359151E-02,5.508475E-02,3.431456E-02,1.886246E-02,9.639934E-03,4.564726E-03,1.965542E-03,9.187526E-04,4.305339E-04,1.845718E-04,6.417972E-05,2.037754E-05,5.716146E-06,1.374258E-06,2.757058E-07,4.505706E-08
-7.61787,41.70000,0.00000,4.336350E-01,4.209925E-01,3.985330E-01,3.642863E-01,3.189097E-01,2.660938E-01,2.114408E-01,1.603592E-01,1.163561E-01,8.071807E-02,5.327427E-02,3.323893E-02,1.867970E-02,9.381092E-03,4.599160E-03,1.973134E-03,8.930035E-04,4.146286E-04,1.898963E-04,7.204292E-05,2.336619E-05,6.694879E-06,1.642904E-06,3.358738E-07,5.579738E-08
-7.61787,41.80000,0.00000,4.245170E-01,4.119061E-01,3.895961E-01,3.557262E-01,3.110505E-01,2.592726E-01,2.058845E-01,1.561080E-01,1.132832E-01,7.860747E-02,5.189406E-02,3.237560E-02,1.828186E-02,9.219688E-03,4.505378E-03,2.009261E-03,8.641796E-04,3.964329E-04,1.774814E-04,7.583005E-05,2.438805E-05,6.891762E-06,1.661293E-06,3.326085E-07,5.396317E-08
-7.61787,41.90000,0.00000,4.124283E-01,3.999819E-01,3.780304E-01,3.448217E-01,3.011905E-01,2.508215E-01,1.990621E-01,1.509206E-01,1.095550E-01,7.607246E-02,5.026901E-02,3.139415E-02,1.798443E-02,9.175155E-03,4.414128E-03,2.038988E-03,8.470547E-04,3.846437E-04,1.708924E-04,7.246822E-05,2.534346E-05,7.056211E-06,1.667611E-06,3.260191E-07,5.144600E-08
-7.61787,42.00000,0.00000,3.973904E-01,3.852975E-01,3.639958E-01,3.318342E-01,2.896831E-01,2.411495E-01,1.913834E-01,1.451563E-01,1.054507E-01,7.329877E-02,4.849641E-02,3.032516E-02,1.783469E-02,9.178577E-03,4.362828E-03,2.076903E-03,8.727970E-04,3.758626E-04,1.665017E-04,7.045725E-05,2.708927E-05,7.498567E-06,1.751121E-06,3.363631E-07,5.188538E-08
-7.61787,42.10000,0.00000,3.823424E-01,3.706552E-01,3.500735E-01,3.190339E-01,2.784230E-01,2.317520E-01,1.839745E-01,1.396356E-01,1.015560E-01,7.069917E-02,4.686103E-02,2.935517E-02,1.728155E-02,9.081277E-03,4.318925E-03,2.020681E-03,9.144082E-04,3.772946E-04,1.627589E-04,6.882681E-05,2.735723E-05,9.457904E-06,2.294115E-06,4.547415E-07,7.184209E-08
-7.61787,42.20000,0.00000,3.752654E-01,3.635364E-01,3.429853E-01,3.121529E-01,2.720283E-01,2.261495E-01,1.793898E-01,1.361305E-01,9.903280E-02,6.897146E-02,4.572705E-02,2.863730E-02,1.683696E-02,8.882821E-03,4.399938E-03,1.989576E-03,9.216557E-04,3.876728E-04,1.593765E-04,6.705055E-05,2.666263E-05,9.324086E-06,2.169229E-06,4.073750E-07,6.025429E-08
-7.51787,36.90000,0.00000,8.685490E-01,8.410945E-01,8.001893E-01,7.436643E-01,6.715398E-01,5.866753E-01,4.941816E-01,4.000682E-01,3.102198E-01,2.297145E-01,1.621855E-01,1.091863E-01,7.013369E-02,4.296062E-02,2.503262E-02,1.381596E-02,7.182852E-03,3.491900E-03,1.570187E-03,6.426063E-04,2.341876E-04,7.405921E-05,1.978485E-05,4.355140E-06,7.727545E-07
-7.51787,37.00000,0.00000,8.706138E-01,8.432598E-01,8.022913E-01,7.453684E-01,6.723970E-01,5.862919E-01,4.924002E-01,3.970394E-01,3.063486E-01,2.255293E-01,1.582071E-01,1.058076E-01,6.755096E-02,4.117872E-02,2.392479E-02,1.320073E-02,6.881935E-03,3.364348E-03,1.523961E-03,6.283686E-04,2.304201E-04,7.317450E-05,1.959556E-05,4.319282E-06,7.673843E-07
-7.51787,37.10000,0.00000,8.729225E-01,8.455704E-01,8.044460E-01,7.470337E-01,6.730978E-01,5.855746E-01,4.900438E-01,3.931740E-01,3.014145E-01,2.201372E-01,1.529715E-01,1.012157E-01,6.388077E-02,3.849134E-02,2.211877E-02,1.208858E-02,6.257517E-03,3.046728E-03,1.378689E-03,5.694014E-04,2.097221E-04,6.713712E-05,1.819984E-05,4.076014E-06,7.371733E-07
-7.51787,37.20000,0.00000,9.051597E-01,8.979784E-01,8.836276E-01,8.577740E-01,8.152775E-01,7.517654E-01,6.665224E-01,5.646048E-01,4.554052E-01,3.486643E-01,2.518639E-01,1.701962E-01,1.068145E-01,6.214899E-02,3.364123E-02,1.700469E-02,8.013226E-03,3.493407E-03,1.395818E-03,5.069983E-04,1.657075E-04,4.786292E-05,1.189489E-05,2.467298E-06,4.148748E-07
-7.51787,37.30000,0.00000,9.038459E-01,8.966550E-01,8.822497E-01,8.562410E-01,8.134022E-01,7.492586E-01,6.630623E-01,5.600062E-01,4.498077E-01,3.425037E-01,2.456855E-01,1.644804E-01,1.019029E-01,5.823262E-02,3.076009E-02,1.505937E-02,6.811240E-03,2.815855E-03,1.050153E-03,3.499599E-04,1.036523E-04,2.709236E-05,6.153366E-06,1.184778E-06,1.875793E-07
-7.51787,37.40000,0.00000,9.043899E-01,8.971982E-01,8.827723E-01,8.566791E-01,8.135939E-01,7.489030E-01,6.617777E-01,5.575156E-01,4.461530E-01,3.380581E-01,2.409811E-01,1.600213E-01,9.806148E-02,5.521448E-02,2.860239E-02,1.366042E-02,5.990881E-03,2.381731E-03,8.438047E-04,2.627179E-04,7.137336E-05,1.686118E-05,3.439438E-06,5.958565E-07,8.524420E-08
-7.51787,37.50000,0.00000,9.065832E-01,8.993667E-01,8.849006E-01,8.587061E-01,8.153499E-01,7.500592E-01,6.619085E-01,5.563163E-01,4.436699E-01,3.346902E-01,2.372826E-01,1.564933E-01,9.505016E-02,5.289425E-02,2.699504E-02,1.267068E-02,5.457299E-03,2.134086E-03,7.464930E-04,2.308365E-04,6.277070E-05,1.496295E-05,3.096894E-06,5.450477E-07,7.905209E-08
-7.51787,37.60000,0.00000,9.078316E-01,9.005706E-01,8.860264E-01,8.596745E-01,8.159875E-01,7.500645E-01,6.609245E-01,5.541473E-01,4.404654E-01,3.309233E-01,2.334954E-01,1.530934E-01,9.226624E-02,5.081182E-02,2.559091E-02,1.183573E-02,5.030206E-03,1.952002E-03,6.853081E-04,2.168554E-04,6.206893E-05,1.607057E-05,3.697917E-06,7.294114E-07,1.181454E-07
-7.51787,37.70000,0.00000,9.055960E-01,8.982453E-01,8.835143E-01,8.568215E-01,8.125842E-01,7.458818E-01,6.558211E-01,5.482268E-01,4.341378E-01,3.247685E-01,2.280132E-01,1.485623E-01,8.876221E-02,4.828772E-02,2.392610E-02,1.085086E-02,4.515820E-03,1.715922E-03,5.890728E-04,1.811567E-04,4.976060E-05,1.216190E-05,2.604591E-06,4.746906E-07,7.090866E-08
-7.51787,37.80000,0.00000,9.066408E-01,8.992170E-01,8.843657E-01,8.574695E-01,8.128821E-01,7.456140E-01,6.547748E-01,5.463413E-01,4.315938E-01,3.219081E-01,2.251796E-01,1.460099E-01,8.665182E-02,4.670110E-02,2.285909E-02,1.021746E-02,4.185407E-03,1.563622E-03,5.264668E-04,1.581795E-04,4.236016E-05,1.014055E-05,2.155344E-06,3.966017E-07,6.073299E-08
-7.51787,37.90000,0.00000,9.060330E-01,8.984979E-01,8.834484E-01,8.562332E-01,8.111697E-01,7.432783E-01,6.517555E-01,5.427471E-01,4.276896E-01,3.180248E-01,2.216147E-01,1.429767E-01,8.427390E-02,4.500224E-02,2.176984E-02,9.600784E-03,3.882238E-03,1.436296E-03,4.815164E-04,1.450604E-04,3.925319E-05,9.557901E-06,2.072348E-06,3.885410E-07,6.045862E-08
-7.51787,38.00000,0.00000,9.084843E-01,9.008646E-01,8.856921E-01,8.582940E-01,8.129376E-01,7.445894E-01,6.524459E-01,5.427452E-01,4.270646E-01,3.169404E-01,2.202745E-01,1.415973E-01,8.305412E-02,4.407499E-02,2.116724E-02,9.268308E-03,3.727527E-03,1.375966E-03,4.619297E-04,1.397981E-04,3.807966E-05,9.332497E-06,2.031428E-06,3.807424E-07,5.897940E-08
-7.51787,38.10000,0.00000,9.095283E-01,9.017951E-01,8.864381E-01,8.587595E-01,8.129978E-01,7.441233E-01,6.514100E-01,5.412264E-01,4.252506E-01,3.150396E-01,2.184661E-01,1.400267E-01,8.182605E-02,4.322801E-02,2.066058E-02,9.009193E-03,3.615487E-03,1.335439E-03,4.498030E-04,1.368193E-04,3.746396E-05,9.209014E-06,2.001056E-06,3.721558E-07,5.685742E-08
-7.51787,38.20000,0.00000,9.062200E-01,8.983080E-01,8.826268E-01,8.544480E-01,8.080452E-01,7.385315E-01,6.454110E-01,5.352431E-01,4.197321E-01,3.103195E-01,2.147094E-01,1.372554E-01,7.994757E-02,4.206956E-02,2.001683E-02,8.690345E-03,3.477064E-03,1.284061E-03,4.340202E-04,1.329548E-04,3.673147E-05,9.096449E-06,1.981629E-06,3.670638E-07,5.549136E-08
-7.51787,38.30000,0.00000,8.991785E-01,8.910233E-01,8.748888E-01,8.460186E-01,7.987885E-01,7.285869E-01,6.352686E-01,5.255944E-01,4.111775E-01,3.032139E-01,2.091763E-01,1.332410E-01,7.725221E-02,4.039844E-02,1.906078E-02,8.190361E-03,3.243857E-03,1.190547E-03,4.030041E-04,1.247209E-04,3.502360E-05,8.823366E-06,1.947650E-06,3.636148E-07,5.517713E-08
-7.51787,38.40000,0.00000,8.997733E-01,8.914506E-01,8.750482E-01,8.457907E-01,7.980704E-01,7.273569E-01,6.336474E-01,5.237999E-01,4.094025E-01,3.015653E-01,2.077195E-01,1.320537E-01,7.639972E-02,3.987506E-02,1.878863E-02,8.069019E-03,3.196390E-03,1.173994E-03,3.979536E-04,1.234720E-04,3.482416E-05,8.830611E-06,1.966640E-06,3.713888E-07,5.719518E-08
-7.51787,38.50000,0.00000,8.977454E-01,8.892268E-01,8.724924E-01,8.427586E-01,7.944804E-01,7.233005E-01,6.294315E-01,5.198249E-01,4.059607E-01,2.987684E-01,2.055764E-01,1.305428E-01,7.545597E-02,3.936752E-02,1.855418E-02,7.973284E-03,3.160105E-03,1.161014E-03,3.938492E-04,1.224986E-04,3.473743E-05,8.890855E-06,2.007506E-06,3.863185E-07,6.099027E-08
-7.51787,38.60000,0.00000,8.964145E-01,8.877001E-01,8.706457E-01,8.404644E-01,7.916889E-01,7.201378E-01,6.262184E-01,5.169231E-01,4.035690E-01,2.968884E-01,2.041528E-01,1.295468E-01,7.485268E-02,3.906649E-02,1.835446E-02,7.929042E-03,3.143382E-03,1.154046E-03,3.912378E-04,1.218343E-04,3.470953E-05,8.963577E-06,2.051822E-06,4.023247E-07,6.507837E-08
-7.51787,38.70000,0.00000,8.883651E-01,8.793787E-01,8.618325E-01,8.309366E-01,7.813733E-01,7.092834E-01,6.154382E-01,5.069790E-01,3.950518E-01,2.900863E-01,1.990999E-01,1.260920E-01,7.253841E-02,3.633629E-02,1.673339E-02,7.261384E-03,3.009411E-03,1.101598E-03,3.740197E-04,1.173534E-04,3.385856E-05,8.876394E-06,2.063141E-06,4.107607E-07,6.753577E-08
-7.51787,38.80000,0.00000,8.871828E-01,8.779657E-01,8.600389E-01,8.285972E-01,7.783843E-01,7.057070E-01,6.115491E-01,5.031527E-01,3.915707E-01,2.870696E-01,1.965942E-01,1.241432E-01,7.004146E-02,3.504793E-02,1.615850E-02,7.033839E-03,2.893913E-03,1.055150E-03,3.583967E-04,1.131200E-04,3.295575E-05,8.724959E-06,2.042206E-06,4.080901E-07,6.718453E-08
-7.51787,38.90000,0.00000,8.864844E-01,8.770491E-01,8.587661E-01,8.268215E-01,7.760125E-01,7.028027E-01,6.083764E-01,5.000685E-01,3.888435E-01,2.848058E-01,1.948128E-01,1.218829E-01,6.713425E-02,3.362985E-02,1.556738E-02,6.819456E-03,2.863960E-03,1.044786E-03,3.549398E-04,1.120261E-04,3.261381E-05,8.610482E-06,2.002811E-06,3.960591E-07,6.425523E-08
-7.51787,39.00000,0.00000,8.761553E-01,8.664167E-01,8.475797E-01,8.148295E-01,7.631317E-01,6.893133E-01,5.949773E-01,4.876722E-01,3.782353E-01,2.764241E-01,1.887268E-01,1.145684E-01,6.311461E-02,3.168045E-02,1.472522E-02,6.490200E-03,2.752131E-03,1.004452E-03,3.422477E-04,1.085841E-04,3.177149E-05,8.397865E-06,1.942458E-06,3.790597E-07,6.023591E-08
-7.51787,39.10000,0.00000,8.743674E-01,8.643901E-01,8.451600E-01,8.118497E-01,7.594904E-01,6.850827E-01,5.904647E-01,4.833158E-01,3.744066E-01,2.689646E-01,1.769139E-01,1.064668E-01,5.812072E-02,2.885480E-02,1.324080E-02,5.766862E-03,2.449623E-03,9.955711E-04,3.395770E-04,1.077452E-04,3.148158E-05,8.287559E-06,1.901594E-06,3.662965E-07,5.713540E-08
-7.51787,39.20000,0.00000,8.694333E-01,8.591806E-01,8.394720E-01,8.054657E-01,7.522837E-01,6.771617E-01,5.822418E-01,4.753953E-01,3.673403E-01,2.621293E-01,1.719219E-01,1.031460E-01,5.613567E-02,2.779281E-02,1.272330E-02,5.526857E-03,2.337168E-03,9.331608E-04,3.197619E-04,1.026237E-04,3.041555E-05,8.103605E-06,1.872129E-06,3.612076E-07,5.621309E-08
-7.51787,39.30000,0.00000,8.661736E-01,8.556782E-01,8.355594E-01,8.009584E-01,7.470685E-01,6.713169E-01,5.761023E-01,4.694698E-01,3.590445E-01,2.532543E-01,1.656063E-01,9.909414E-02,5.382591E-02,2.662935E-02,1.220010E-02,5.310203E-03,2.250656E-03,9.151046E-04,3.151727E-04,1.017179E-04,3.031567E-05,8.123029E-06,1.888852E-06,3.674266E-07,5.780215E-08
-7.51787,39.40000,0.00000,8.580207E-01,8.472446E-01,8.266267E-01,7.912915E-01,7.365437E-01,6.600845E-01,5.549176E-01,4.392128E-01,3.279824E-01,2.300527E-01,1.500632E-01,8.991452E-02,4.910630E-02,2.451905E-02,1.136811E-02,5.013220E-03,2.151613E-03,8.871027E-04,3.082749E-04,1.004621E-04,3.022648E-05,8.178460E-06,1.923834E-06,3.798314E-07,6.092998E-08
-7.51787,39.50000,0.00000,8.493348E-01,8.382508E-01,8.170862E-01,7.809497E-01,7.252703E-01,6.480466E-01,5.469831E-01,4.317096E-01,3.215371E-01,2.249437E-01,1.463107E-01,8.738917E-02,4.757569E-02,2.369316E-02,1.097210E-02,4.843079E-03,2.085208E-03,7.957062E-04,2.796221E-04,9.333225E-05,2.890469E-05,8.033011E-06,1.932704E-06,3.893853E-07,6.378560E-08
-7.51787,39.60000,0.00000,8.494702E-01,8.381320E-01,8.165467E-01,7.797864E-01,7.232995E-01,6.360816E-01,5.281077E-01,4.144698E-01,3.071200E-01,2.138886E-01,1.385707E-01,8.247165E-02,4.473813E-02,2.218639E-02,1.021987E-02,4.484259E-03,1.921263E-03,7.770680E-04,2.748631E-04,9.238124E-05,2.878254E-05,8.039375E-06,1.943483E-06,3.936402E-07,6.488959E-08
-7.51787,39.70000,0.00000,8.436798E-01,8.320807E-01,8.100407E-01,7.656504E-01,6.976773E-01,6.072235E-01,5.012671E-01,3.915350E-01,2.891045E-01,2.008820E-01,1.299991E-01,7.737797E-02,4.203866E-02,2.091497E-02,9.683983E-03,4.278006E-03,1.846501E-03,7.516830E-04,2.679650E-04,9.077608E-05,2.843960E-05,7.959864E-06,1.921368E-06,3.873751E-07,6.340262E-08
-7.51787,39.80000,0.00000,8.289996E-01,8.136955E-01,7.852674E-01,7.383286E-01,6.691728E-01,5.788645E-01,4.749295E-01,3.688954E-01,2.711171E-01,1.877292E-01,1.212531E-01,7.217419E-02,3.930232E-02,1.964716E-02,9.162660E-03,4.085541E-03,1.782353E-03,6.893207E-04,2.483478E-04,8.559791E-05,2.725948E-05,7.701339E-06,1.859255E-06,3.716473E-07,5.987477E-08
-7.51787,39.90000,0.00000,8.155484E-01,7.996262E-01,7.702756E-01,7.222839E-01,6.523868E-01,5.621987E-01,4.595663E-01,3.558363E-01,2.608600E-01,1.802693E-01,1.162504E-01,6.911052E-02,3.760565E-02,1.880235E-02,8.785568E-03,3.935325E-03,1.729390E-03,6.505547E-04,2.350841E-04,8.138603E-05,2.601164E-05,7.352416E-06,1.766815E-06,3.492052E-07,5.522083E-08
-7.51787,40.00000,0.00000,7.793899E-01,7.627946E-01,7.324832E-01,6.836439E-01,6.138229E-01,5.254834E-01,4.267579E-01,3.284868E-01,2.396243E-01,1.649880E-01,1.061675E-01,6.308051E-02,3.435044E-02,1.720266E-02,8.056082E-03,3.620456E-03,1.598742E-03,6.041547E-04,2.149836E-04,7.310490E-05,2.295560E-05,6.392008E-06,1.517692E-06,2.968083E-07,4.638363E-08
-7.51787,40.10000,0.00000,7.561892E-01,7.392110E-01,7.083925E-01,6.591808E-01,5.896138E-01,5.026413E-01,4.065052E-01,3.116905E-01,2.265835E-01,1.555327E-01,9.982978E-02,5.921413E-02,3.223525E-02,1.617523E-02,7.614985E-03,3.453632E-03,1.529149E-03,5.514525E-04,1.925121E-04,6.373150E-05,1.926702E-05,5.108635E-06,1.146595E-06,2.114070E-07,3.114899E-08
-7.51787,40.20000,0.00000,7.404153E-01,7.230295E-01,6.916669E-01,6.419797E-01,5.723672E-01,4.861617E-01,3.917164E-01,2.992840E-01,2.168493E-01,1.484127E-01,9.503347E-02,5.628745E-02,3.063839E-02,1.539846E-02,7.277407E-03,3.324858E-03,1.438975E-03,5.250174E-04,1.867685E-04,6.333578E-05,1.967786E-05,5.375839E-06,1.246727E-06,2.384193E-07,3.663911E-08
-7.51787,40.30000,0.00000,7.163696E-01,6.988024E-01,6.672925E-01,6.177697E-01,5.490567E-01,4.648075E-01,3.733341E-01,2.844608E-01,2.056508E-01,1.405194E-01,8.990517E-02,5.326478E-02,2.904294E-02,1.464881E-02,6.964657E-03,3.211698E-03,1.374497E-03,5.003981E-04,1.777702E-04,6.025200E-05,1.873572E-05,5.132270E-06,1.195442E-06,2.298107E-07,3.550677E-08
-7.51787,40.40000,0.00000,6.480442E-01,6.316974E-01,6.023085E-01,5.563496E-01,4.932347E-01,4.167797E-01,3.346910E-01,2.556665E-01,1.854021E-01,1.262361E-01,8.129545E-02,4.854249E-02,2.656440E-02,1.330095E-02,6.438870E-03,3.028146E-03,1.328844E-03,4.822754E-04,1.711161E-04,5.810841E-05,1.817349E-05,5.025392E-06,1.185451E-06,2.315136E-07,3.646585E-08
-7.51787,40.50000,0.00000,6.417369E-01,6.250936E-01,5.953259E-01,5.490184E-01,4.857700E-01,4.095774E-01,3.281976E-01,2.496418E-01,1.798328E-01,1.224551E-01,7.902142E-02,4.711225E-02,2.553790E-02,1.281876E-02,6.181948E-03,2.895563E-03,1.287598E-03,4.688156E-04,1.672577E-04,5.725464E-05,1.809159E-05,5.066200E-06,1.213872E-06,2.417642E-07,3.903639E-08
-7.51787,40.60000,0.00000,6.245630E-01,6.080205E-01,5.785155E-01,5.327960E-01,4.706533E-01,3.961707E-01,3.169884E-01,2.413920E-01,1.738301E-01,1.179768E-01,7.612322E-02,4.530937E-02,2.461048E-02,1.230338E-02,5.933415E-03,2.781623E-03,1.253908E-03,4.589206E-04,1.648667E-04,5.689127E-05,1.813538E-05,5.130073E-06,1.244838E-06,2.520127E-07,4.154403E-08
-7.51787,40.70000,0.00000,5.958251E-01,5.798014E-01,5.512295E-01,5.070595E-01,4.472549E-01,3.759020E-01,3.003680E-01,2.285140E-01,1.644747E-01,1.116883E-01,7.208285E-02,4.298141E-02,2.326896E-02,1.173033E-02,5.682470E-03,2.678214E-03,1.213094E-03,4.473108E-04,1.620861E-04,5.639839E-05,1.810764E-05,5.155201E-06,1.259349E-06,2.569683E-07,4.276806E-08
-7.51787,40.80000,0.00000,5.444847E-01,5.301554E-01,5.043105E-01,4.640833E-01,4.094462E-01,3.441837E-01,2.750701E-01,2.093272E-01,1.520516E-01,1.053917E-01,6.940784E-02,4.080897E-02,2.252230E-02,1.119678E-02,5.389753E-03,2.559376E-03,1.202175E-03,4.443422E-04,1.613596E-04,5.621505E-05,1.804962E-05,5.132361E-06,1.250602E-06,2.542289E-07,4.210180E-08
-7.51787,40.90000,0.00000,5.364943E-01,5.220525E-01,4.961065E-01,4.558900E-01,4.015105E-01,3.368506E-01,2.686734E-01,2.040703E-01,1.479714E-01,1.023951E-01,6.733261E-02,3.957747E-02,2.181853E-02,1.088453E-02,5.174094E-03,2.444700E-03,1.141945E-03,4.410946E-04,1.605262E-04,5.591706E-05,1.790563E-05,5.062692E-06,1.222405E-06,2.452717E-07,3.992740E-08
-7.51787,41.00000,0.00000,5.287554E-01,5.142719E-01,4.883402E-01,4.482902E-01,3.943417E-01,3.304366E-01,2.632805E-01,1.998102E-01,1.447848E-01,1.001156E-01,6.534666E-02,3.818244E-02,2.116127E-02,1.055317E-02,4.998132E-03,2.354844E-03,1.096983E-03,4.396248E-04,1.601460E-04,5.568798E-05,1.775564E-05,4.983197E-06,1.189494E-06,2.347944E-07,3.739027E-08
-7.51787,41.10000,0.00000,5.221457E-01,5.075140E-01,4.814419E-01,4.413657E-01,3.876424E-01,3.243001E-01,2.580152E-01,1.955792E-01,1.415789E-01,9.780896E-02,6.358387E-02,3.717200E-02,2.057207E-02,1.029874E-02,4.843554E-03,2.283130E-03,1.065732E-03,4.393580E-04,1.602787E-04,5.566912E-05,1.769116E-05,4.937986E-06,1.169082E-06,2.280975E-07,3.575574E-08
-7.51787,41.20000,0.00000,5.044392E-01,4.901930E-01,4.648111E-01,4.258488E-01,3.737240E-01,3.124097E-01,2.483883E-01,1.881925E-01,1.362027E-01,9.410944E-02,6.179379E-02,3.689595E-02,2.025389E-02,1.023540E-02,4.664822E-03,2.204108E-03,1.033034E-03,4.429208E-04,1.617213E-04,5.614849E-05,1.782788E-05,4.971590E-06,1.176056E-06,2.293004E-07,3.592469E-08
-7.51787,41.30000,0.00000,4.806647E-01,4.671754E-01,4.430539E-01,4.059455E-01,3.562654E-01,2.978335E-01,2.368407E-01,1.795067E-01,1.300014E-01,8.992685E-02,5.915266E-02,3.624430E-02,1.942971E-02,1.008504E-02,4.524737E-03,2.113489E-03,9.891136E-04,4.468317E-04,1.634928E-04,5.683072E-05,1.807688E-05,5.060507E-06,1.205525E-06,2.376370E-07,3.781797E-08
-7.51787,41.40000,0.00000,4.721182E-01,4.586224E-01,4.345781E-01,3.977385E-01,3.486271E-01,2.911041E-01,2.312796E-01,1.751994E-01,1.268574E-01,8.775147E-02,5.771933E-02,3.587304E-02,1.916859E-02,9.806656E-03,4.507731E-03,2.048092E-03,9.585653E-04,4.468735E-04,1.655778E-04,5.755959E-05,1.834426E-05,5.165242E-06,1.244092E-06,2.494383E-07,4.063844E-08
-7.51787,41.50000,0.00000,4.635878E-01,4.500903E-01,4.261397E-01,3.895982E-01,3.410957E-01,2.845220E-01,2.258921E-01,1.710659E-01,1.238647E-01,8.569020E-02,5.636352E-02,3.449814E-02,1.854778E-02,9.555511E-03,4.419682E-03,1.996538E-03,9.357883E-04,4.395864E-04,1.682571E-04,5.848382E-05,1.864907E-05,5.271002E-06,1.280430E-06,2.602775E-07,4.321626E-08
-7.51787,41.60000,0.00000,4.488953E-01,4.357004E-01,4.123200E-01,3.767235E-01,3.295974E-01,2.747741E-01,2.180851E-01,1.651548E-01,1.196228E-01,8.280767E-02,5.451843E-02,3.392940E-02,1.841929E-02,9.385724E-03,4.426079E-03,1.944130E-03,9.124525E-04,4.298034E-04,1.735524E-04,6.024865E-05,1.915799E-05,5.401929E-06,1.311410E-06,2.670506E-07,4.453223E-08
-7.51787,41.70000,0.00000,4.347199E-01,4.218441E-01,3.990538E-01,3.644181E-01,3.186689E-01,2.655725E-01,2.107719E-01,1.596651E-01,1.157189E-01,8.017824E-02,5.284739E-02,3.292708E-02,1.820126E-02,9.276677E-03,4.432003E-03,1.895672E-03,8.889210E-04,4.169087E-04,1.814834E-04,6.305266E-05,1.998616E-05,5.599608E-06,1.347080E-06,2.712039E-07,4.462757E-08
-7.51787,41.80000,0.00000,4.205546E-01,4.079555E-01,3.856933E-01,3.519432E-01,3.074983E-01,2.560799E-01,2.031594E-01,1.539061E-01,1.116022E-01,7.740168E-02,5.109059E-02,3.188519E-02,1.790201E-02,8.996211E-03,4.426571E-03,1.897446E-03,8.623458E-04,3.999950E-04,1.828909E-04,6.499988E-05,2.040568E-05,5.642189E-06,1.335409E-06,2.636727E-07,4.239635E-08
-7.51787,41.90000,0.00000,4.088998E-01,3.964664E-01,3.745619E-01,3.414679E-01,2.980535E-01,2.480201E-01,1.966940E-01,1.490313E-01,1.081325E-01,7.506314E-02,4.959885E-02,3.098316E-02,1.746313E-02,8.813828E-03,4.337600E-03,1.918988E-03,8.416435E-04,3.879070E-04,1.752072E-04,6.685530E-05,2.076832E-05,5.660253E-06,1.315920E-06,2.542308E-07,3.980232E-08
-7.51787,42.00000,0.00000,3.974954E-01,3.852468E-01,3.637288E-01,3.313236E-01,2.889619E-01,2.403048E-01,1.905270E-01,1.443807E-01,1.048048E-01,7.279345E-02,4.812288E-02,3.006862E-02,1.715963E-02,8.775019E-03,4.212285E-03,1.942399E-03,8.234874E-04,3.780176E-04,1.691424E-04,6.993994E-05,2.158807E-05,5.816894E-06,1.331456E-06,2.523989E-07,3.863597E-08
-7.51787,42.10000,0.00000,3.822011E-01,3.703781E-01,3.496124E-01,3.183744E-01,2.776040E-01,2.308598E-01,1.831098E-01,1.388763E-01,1.009370E-01,7.022198E-02,4.651192E-02,2.911763E-02,1.675086E-02,8.697863E-03,4.199866E-03,1.971088E-03,8.235853E-04,3.690580E-04,1.639095E-04,6.955880E-05,2.338551E-05,6.289044E-06,1.429509E-06,2.682630E-07,4.060934E-08
-7.51787,42.20000,0.00000,3.700684E-01,3.584481E-01,3.380925E-01,3.075690E-01,2.678774E-01,2.225400E-01,1.763879E-01,1.337503E-01,9.724318E-02,6.770927E-02,4.490591E-02,2.815408E-02,1.640221E-02,8.650128E-03,4.107033E-03,1.949552E-03,8.532581E-04,3.605911E-04,1.591428E-04,6.726899E-05,2.660272E-05,7.321972E-06,1.699825E-06,3.248307E-07,4.995888E-08
-7.41787,36.90000,0.00000,8.634537E-01,8.353477E-01,7.937052E-01,7.365399E-01,6.640733E-01,5.792783E-01,4.872500E-01,3.939089E-01,3.050356E-01,2.255962E-01,1.590989E-01,1.069971E-01,6.866008E-02,4.202523E-02,2.448024E-02,1.351545E-02,7.031246E-03,3.419378E-03,1.536717E-03,6.279389E-04,2.283926E-04,7.212858E-05,1.927708E-05,4.256618E-06,7.600593E-07
-7.41787,37.00000,0.00000,8.657800E-01,8.377448E-01,7.959891E-01,7.383531E-01,6.649613E-01,5.788656E-01,4.854148E-01,3.908280E-01,3.011196E-01,2.213692E-01,1.550753E-01,1.035614E-01,6.600498E-02,4.015851E-02,2.328559E-02,1.282307E-02,6.669924E-03,3.249594E-03,1.464488E-03,6.001409E-04,2.189068E-04,6.936922E-05,1.862370E-05,4.136310E-06,7.437063E-07
-7.41787,37.10000,0.00000,8.660523E-01,8.381053E-01,7.962462E-01,7.381532E-01,6.638520E-01,5.764686E-01,4.816073E-01,3.858044E-01,2.953271E-01,2.153745E-01,1.494318E-01,9.869125E-02,6.212571E-02,3.728652E-02,2.130140E-02,1.154496E-02,5.905584E-03,2.825559E-03,1.245096E-03,4.940651E-04,1.718345E-04,5.096209E-05,1.257481E-05,2.529420E-06,4.076844E-07
-7.41787,37.20000,0.00000,8.693426E-01,8.412596E-01,7.991028E-01,7.403572E-01,6.648836E-01,5.758066E-01,4.789758E-01,3.813402E-01,2.895366E-01,2.089510E-01,1.430683E-01,9.295609E-02,5.739628E-02,3.371660E-02,1.883532E-02,9.985402E-03,5.005549E-03,2.358482E-03,1.034293E-03,4.159688E-04,1.504322E-04,4.777953E-05,1.298721E-05,2.942527E-06,5.418520E-07
-7.41787,37.30000,0.00000,9.009835E-01,8.936015E-01,8.788505E-01,8.523044E-01,8.087633E-01,7.438946E-01,6.571918E-01,5.540596E-01,4.442463E-01,3.376508E-01,2.416974E-01,1.613876E-01,9.965169E-02,5.670187E-02,2.978805E-02,1.448219E-02,6.491955E-03,2.653375E-03,9.757563E-04,3.201533E-04,9.351884E-05,2.425131E-05,5.511415E-06,1.069385E-06,1.711016E-07
-7.41787,37.40000,0.00000,9.030365E-01,8.956428E-01,8.808639E-01,8.542255E-01,8.104094E-01,7.449147E-01,6.571366E-01,5.525961E-01,4.413878E-01,3.337721E-01,2.373589E-01,1.571473E-01,9.594227E-02,5.377356E-02,2.769787E-02,1.313310E-02,5.705131E-03,2.239309E-03,7.797581E-04,2.372819E-04,6.261649E-05,1.429072E-05,2.807375E-06,4.682331E-07,6.454518E-08
-7.41787,37.50000,0.00000,9.013368E-01,8.938810E-01,8.789576E-01,8.520252E-01,8.076786E-01,7.413408E-01,6.524405E-01,5.467336E-01,4.346985E-01,3.268982E-01,2.309746E-01,1.517318E-01,9.170783E-02,5.071833E-02,2.568099E-02,1.193451E-02,5.075729E-03,1.952206E-03,6.675557E-04,2.001289E-04,5.231049E-05,1.192872E-05,2.367337E-06,4.027826E-07,5.696024E-08
-7.41787,37.60000,0.00000,9.039095E-01,8.964157E-01,8.814343E-01,8.543757E-01,8.097232E-01,7.427415E-01,6.527801E-01,5.457522E-01,4.325001E-01,3.239259E-01,2.277621E-01,1.487092E-01,8.915481E-02,4.877210E-02,2.435735E-02,1.114534E-02,4.670857E-03,1.776856E-03,6.047275E-04,1.818793E-04,4.807278E-05,1.113557E-05,2.240058E-06,3.830763E-07,5.386458E-08
-7.41787,37.70000,0.00000,9.040480E-01,8.964934E-01,8.813951E-01,8.541165E-01,8.090636E-01,7.414278E-01,6.505796E-01,5.426345E-01,4.287430E-01,3.200021E-01,2.241101E-01,1.456034E-01,8.671039E-02,4.700327E-02,2.320246E-02,1.048002E-02,4.339480E-03,1.636769E-03,5.556101E-04,1.682068E-04,4.538695E-05,1.094149E-05,2.338796E-06,4.324454E-07,6.658419E-08
-7.41787,37.80000,0.00000,9.021368E-01,8.944787E-01,8.791769E-01,8.515393E-01,8.059253E-01,7.375233E-01,6.458190E-01,5.371782E-01,4.230168E-01,3.145350E-01,2.193186E-01,1.416988E-01,8.373786E-02,4.490772E-02,2.186045E-02,9.716050E-03,3.959585E-03,1.473500E-03,4.951559E-04,1.488737E-04,4.002693E-05,9.656867E-06,2.076910E-06,3.883877E-07,6.075307E-08
-7.41787,37.90000,0.00000,9.032642E-01,8.955112E-01,8.800510E-01,8.521571E-01,8.061255E-01,7.371033E-01,6.446192E-01,5.352171E-01,4.205211E-01,3.118379E-01,2.167266E-01,1.394347E-01,8.193962E-02,4.362418E-02,2.104973E-02,9.269179E-03,3.746789E-03,1.386568E-03,4.648833E-04,1.399686E-04,3.784535E-05,9.221223E-06,2.008319E-06,3.803613E-07,6.017704E-08
-7.41787,38.00000,0.00000,9.048059E-01,8.969511E-01,8.813282E-01,8.531802E-01,8.067534E-01,7.371579E-01,6.439608E-01,5.338413E-01,4.185921E-01,3.096032E-01,2.144359E-01,1.373121E-01,8.017029E-02,4.231770E-02,2.021018E-02,8.806885E-03,3.531624E-03,1.302930E-03,4.380136E-04,1.328841E-04,3.630285E-05,8.930915E-06,1.955621E-06,3.700709E-07,5.815555E-08
-7.41787,38.10000,0.00000,9.044173E-01,8.964406E-01,8.806066E-01,8.521316E-01,8.052520E-01,7.351249E-01,6.414462E-01,5.310493E-01,4.157985E-01,3.070430E-01,2.122554E-01,1.355873E-01,7.892398E-02,4.151427E-02,1.975749E-02,8.587632E-03,3.441713E-03,1.272341E-03,4.296934E-04,1.312049E-04,3.608760E-05,8.915104E-06,1.948668E-06,3.652473E-07,5.639784E-08
-7.41787,38.20000,0.00000,8.977070E-01,8.895035E-01,8.732318E-01,8.440594E-01,7.962763E-01,7.252564E-01,6.310368E-01,5.207508E-01,4.063374E-01,2.989836E-01,2.058812E-01,1.309050E-01,7.573494E-02,3.951056E-02,1.860844E-02,7.997171E-03,3.176986E-03,1.172327E-03,3.992305E-04,1.241929E-04,3.502757E-05,8.868310E-06,1.971743E-06,3.719612E-07,5.724751E-08
-7.41787,38.30000,0.00000,8.967304E-01,8.883598E-01,8.718063E-01,8.422127E-01,7.938899E-01,7.223110E-01,6.276869E-01,5.172950E-01,4.030875E-01,2.961558E-01,2.035879E-01,1.291884E-01,7.457501E-02,3.881808E-02,1.824870E-02,7.835789E-03,3.114713E-03,1.151772E-03,3.935009E-04,1.228740E-04,3.477997E-05,8.827042E-06,1.963486E-06,3.697261E-07,5.667415E-08
-7.41787,38.40000,0.00000,8.971477E-01,8.886122E-01,8.717993E-01,8.418447E-01,7.930962E-01,7.211351E-01,6.263105E-01,5.159492E-01,4.018906E-01,2.951013E-01,2.026523E-01,1.284133E-01,7.402249E-02,3.849365E-02,1.809173E-02,7.770166E-03,3.089007E-03,1.141918E-03,3.900510E-04,1.219143E-04,3.461343E-05,8.832342E-06,1.979773E-06,3.765743E-07,5.848635E-08
-7.41787,38.50000,0.00000,8.937691E-01,8.850431E-01,8.678977E-01,8.374624E-01,7.881643E-01,7.157829E-01,6.209020E-01,5.109463E-01,3.976326E-01,2.917192E-01,2.001397E-01,1.267011E-01,7.298566E-02,3.794979E-02,1.784576E-02,7.672072E-03,3.052910E-03,1.129417E-03,3.862003E-04,1.210152E-04,3.453479E-05,8.888373E-06,2.017822E-06,3.905715E-07,6.207630E-08
-7.41787,38.60000,0.00000,8.926879E-01,8.837636E-01,8.662924E-01,8.353903E-01,7.855445E-01,7.126827E-01,6.175840E-01,5.077582E-01,3.948261E-01,2.893907E-01,1.983093E-01,1.253754E-01,7.213716E-02,3.642631E-02,1.668832E-02,7.198667E-03,3.006985E-03,1.116652E-03,3.821968E-04,1.200803E-04,3.445322E-05,8.945550E-06,2.056609E-06,4.048549E-07,6.575726E-08
-7.41787,38.70000,0.00000,8.817569E-01,8.725162E-01,8.544554E-01,8.226752E-01,7.718317E-01,6.982364E-01,6.031186E-01,4.942125E-01,3.830117E-01,2.797908E-01,1.910626E-01,1.203235E-01,6.889504E-02,3.510262E-02,1.607457E-02,6.940752E-03,2.771744E-03,1.019600E-03,3.504623E-04,1.118244E-04,3.282060E-05,8.724676E-06,2.046631E-06,4.095734E-07,6.752515E-08
-7.41787,38.80000,0.00000,8.855122E-01,8.760908E-01,8.577682E-01,8.256399E-01,7.743761E-01,7.003550E-01,6.048884E-01,4.957175E-01,3.842240E-01,2.806008E-01,1.914376E-01,1.203832E-01,6.781207E-02,3.370234E-02,1.542031E-02,6.667175E-03,2.768921E-03,1.017457E-03,3.491377E-04,1.112556E-04,3.263384E-05,8.669846E-06,2.030539E-06,4.051193E-07,6.648559E-08
-7.41787,38.90000,0.00000,8.807945E-01,8.711169E-01,8.523546E-01,8.196035E-01,7.676451E-01,6.931106E-01,5.976037E-01,4.889785E-01,3.784845E-01,2.760635E-01,1.881179E-01,1.176353E-01,6.447238E-02,3.209132E-02,1.474360E-02,6.414664E-03,2.709441E-03,1.002984E-03,3.445100E-04,1.098695E-04,3.221898E-05,8.533471E-06,1.983727E-06,3.908468E-07,6.302343E-08
-7.41787,39.00000,0.00000,8.714616E-01,8.615078E-01,8.422469E-01,8.087792E-01,7.560530E-01,6.810433E-01,5.857258E-01,4.781125E-01,3.692839E-01,2.688505E-01,1.828990E-01,1.120652E-01,6.141165E-02,3.063305E-02,1.414316E-02,6.199297E-03,2.628778E-03,9.669822E-04,3.328992E-04,1.066339E-04,3.139750E-05,8.315931E-06,1.919734E-06,3.726405E-07,5.873494E-08
-7.41787,39.10000,0.00000,8.665777E-01,8.563535E-01,8.366283E-01,8.024945E-01,7.490029E-01,6.733676E-01,5.778569E-01,4.706310E-01,3.626811E-01,2.631641E-01,1.725471E-01,1.034670E-01,5.623422E-02,2.776505E-02,1.266208E-02,5.486067E-03,2.326954E-03,9.068817E-04,3.133172E-04,1.013642E-04,3.019801E-05,8.058975E-06,1.859678E-06,3.577080E-07,5.542407E-08
-7.41787,39.20000,0.00000,8.664584E-01,8.560117E-01,8.359265E-01,8.012795E-01,7.471656E-01,6.709355E-01,5.750532E-01,4.677976E-01,3.601109E-01,2.586124E-01,1.689971E-01,1.009421E-01,5.463337E-02,2.686773E-02,1.220917E-02,5.270065E-03,2.223179E-03,8.972893E-04,3.106715E-04,1.006755E-04,3.001511E-05,8.004445E-06,1.842200E-06,3.526330E-07,5.424477E-08
-7.41787,39.30000,0.00000,8.631141E-01,8.523979E-01,8.318506E-01,7.965230E-01,7.415660E-01,6.645236E-01,5.681520E-01,4.609668E-01,3.539363E-01,2.489701E-01,1.621871E-01,9.662269E-02,5.220875E-02,2.566985E-02,1.168266E-02,5.057360E-03,2.140044E-03,8.761287E-04,3.054004E-04,9.963133E-05,2.987498E-05,8.006154E-06,1.851448E-06,3.563408E-07,5.520043E-08
-7.41787,39.40000,0.00000,8.491361E-01,8.381055E-01,8.169881E-01,7.808477E-01,7.250496E-01,6.475514E-01,5.491461E-01,4.334503E-01,3.227332E-01,2.256862E-01,1.467307E-01,8.757429E-02,4.759312E-02,2.361998E-02,1.087968E-02,4.772788E-03,2.045836E-03,8.127628E-04,2.860865E-04,9.493458E-05,2.903381E-05,7.925242E-06,1.862526E-06,3.640233E-07,5.735426E-08
-7.41787,39.50000,0.00000,8.461930E-01,8.348987E-01,8.133348E-01,7.765438E-01,7.199558E-01,6.403468E-01,5.320152E-01,4.175257E-01,3.091913E-01,2.151369E-01,1.392433E-01,8.277556E-02,4.482479E-02,2.216944E-02,1.017765E-02,4.455367E-03,1.912701E-03,7.703636E-04,2.733326E-04,9.189868E-05,2.851911E-05,7.891294E-06,1.877564E-06,3.714992E-07,5.934259E-08
-7.41787,39.60000,0.00000,8.439663E-01,8.324216E-01,8.104407E-01,7.730473E-01,7.157324E-01,6.319743E-01,5.235438E-01,4.098323E-01,3.028372E-01,2.102804E-01,1.357836E-01,8.049580E-02,4.345509E-02,2.142466E-02,9.807242E-03,4.281210E-03,1.831276E-03,7.547885E-04,2.694657E-04,9.114009E-05,2.841909E-05,7.892338E-06,1.883594E-06,3.738346E-07,5.991471E-08
-7.41787,39.70000,0.00000,8.425926E-01,8.307863E-01,8.083668E-01,7.703310E-01,7.062019E-01,6.146954E-01,5.071718E-01,3.956809E-01,2.916311E-01,2.021023E-01,1.302894E-01,7.712913E-02,4.159508E-02,2.050436E-02,9.398162E-03,4.115170E-03,1.768014E-03,7.354987E-04,2.642893E-04,8.993880E-05,2.815505E-05,7.826493E-06,1.864055E-06,3.681867E-07,5.858095E-08
-7.41787,39.80000,0.00000,8.280974E-01,8.126432E-01,7.839460E-01,7.365826E-01,6.668503E-01,5.759097E-01,4.714752E-01,3.652568E-01,2.676695E-01,1.847664E-01,1.189238E-01,7.049225E-02,3.818850E-02,1.897313E-02,8.791738E-03,3.901048E-03,1.700142E-03,6.710076E-04,2.446164E-04,8.492818E-05,2.706015E-05,7.598238E-06,1.811847E-06,3.554310E-07,5.580595E-08
-7.41787,39.90000,0.00000,8.071635E-01,7.909822E-01,7.611895E-01,7.126034E-01,6.421146E-01,5.516095E-01,4.491925E-01,3.463207E-01,2.527525E-01,1.738870E-01,1.116289E-01,6.603803E-02,3.572338E-02,1.773130E-02,8.216626E-03,3.655108E-03,1.604023E-03,6.457025E-04,2.360347E-04,8.226006E-05,2.628665E-05,7.380386E-06,1.751460E-06,3.400295E-07,5.252140E-08
-7.41787,40.00000,0.00000,7.795715E-01,7.628270E-01,7.322495E-01,6.829898E-01,6.125998E-01,5.236384E-01,4.244120E-01,3.259116E-01,2.371251E-01,1.627922E-01,1.043968E-01,6.176944E-02,3.346637E-02,1.666381E-02,7.759189E-03,3.471514E-03,1.530429E-03,6.133089E-04,2.239987E-04,7.808267E-05,2.498045E-05,7.020937E-06,1.664812E-06,3.218273E-07,4.926892E-08
-7.41787,40.10000,0.00000,7.559721E-01,7.388199E-01,7.076997E-01,6.580320E-01,5.878751E-01,5.002951E-01,4.037091E-01,3.087414E-01,2.237991E-01,1.531459E-01,9.795989E-02,5.787589E-02,3.136385E-02,1.565940E-02,7.335914E-03,3.313995E-03,1.478296E-03,5.710661E-04,2.092364E-04,7.338094E-05,2.361147E-05,6.660430E-06,1.581768E-06,3.058430E-07,4.680584E-08
-7.41787,40.20000,0.00000,7.391011E-01,7.215506E-01,6.899088E-01,6.398087E-01,5.696969E-01,4.830250E-01,3.883085E-01,2.959089E-01,2.138062E-01,1.459014E-01,9.313011E-02,5.496199E-02,2.979182E-02,1.490268E-02,7.010196E-03,3.190400E-03,1.437289E-03,5.398967E-04,1.992325E-04,7.023276E-05,2.264727E-05,6.399551E-06,1.528469E-06,2.996454E-07,4.702380E-08
-7.41787,40.30000,0.00000,7.138646E-01,6.961665E-01,6.644352E-01,6.146032E-01,5.455493E-01,4.610453E-01,3.695345E-01,2.809044E-01,2.025800E-01,1.380670E-01,8.808994E-02,5.202051E-02,2.825611E-02,1.419118E-02,6.719291E-03,3.088237E-03,1.365348E-03,5.053830E-04,1.828204E-04,6.289745E-05,1.975684E-05,5.446206E-06,1.274535E-06,2.462890E-07,3.831963E-08
-7.41787,40.40000,0.00000,6.413102E-01,6.249799E-01,5.956059E-01,5.496885E-01,4.867084E-01,4.105736E-01,3.290509E-01,2.508202E-01,1.819363E-01,1.236491E-01,7.920664E-02,4.717508E-02,2.589478E-02,1.284654E-02,6.205111E-03,2.914700E-03,1.308157E-03,4.798707E-04,1.719841E-04,5.878236E-05,1.844185E-05,5.109979E-06,1.209244E-06,2.374871E-07,3.771863E-08
-7.41787,40.50000,0.00000,6.403786E-01,6.242272E-01,5.941867E-01,5.475054E-01,4.838392E-01,4.072935E-01,3.257437E-01,2.464648E-01,1.769798E-01,1.207076E-01,7.749722E-02,4.616170E-02,2.493986E-02,1.245148E-02,5.982364E-03,2.795396E-03,1.263550E-03,4.638841E-04,1.668166E-04,5.741757E-05,1.820814E-05,5.116994E-06,1.232348E-06,2.472844E-07,4.032506E-08
-7.41787,40.60000,0.00000,6.245070E-01,6.077527E-01,5.779103E-01,5.317363E-01,4.690883E-01,3.941727E-01,3.147557E-01,2.391776E-01,1.718414E-01,1.162565E-01,7.486646E-02,4.442043E-02,2.408113E-02,1.196573E-02,5.751363E-03,2.690821E-03,1.229237E-03,4.529332E-04,1.638741E-04,5.686376E-05,1.820332E-05,5.171401E-06,1.261948E-06,2.574326E-07,4.285514E-08
-7.41787,40.70000,0.00000,5.957748E-01,5.795262E-01,5.505992E-01,5.059575E-01,4.456336E-01,3.738326E-01,2.980442E-01,2.261849E-01,1.637435E-01,1.110892E-01,7.078987E-02,4.210962E-02,2.297253E-02,1.140388E-02,5.508104E-03,2.592608E-03,1.190269E-03,4.411969E-04,1.608851E-04,5.628363E-05,1.814798E-05,5.188113E-06,1.273874E-06,2.616740E-07,4.392064E-08
-7.41787,40.80000,0.00000,5.414144E-01,5.270018E-01,5.010296E-01,4.606571E-01,4.059201E-01,3.406873E-01,2.717917E-01,2.064488E-01,1.496878E-01,1.035716E-01,6.697877E-02,3.957113E-02,2.198116E-02,1.073810E-02,5.234320E-03,2.485031E-03,1.168783E-03,4.358085E-04,1.596415E-04,5.598893E-05,1.806038E-05,5.154828E-06,1.261274E-06,2.577185E-07,4.295430E-08
-7.41787,40.90000,0.00000,5.355074E-01,5.209092E-01,4.947240E-01,4.542128E-01,3.995484E-01,3.347067E-01,2.665219E-01,2.020897E-01,1.462831E-01,1.010465E-01,6.603466E-02,3.848780E-02,2.131815E-02,1.056581E-02,5.038710E-03,2.379726E-03,1.115639E-03,4.337768E-04,1.589774E-04,5.568623E-05,1.789931E-05,5.075287E-06,1.228871E-06,2.473971E-07,4.043905E-08
-7.41787,41.00000,0.00000,5.350962E-01,5.200643E-01,4.932930E-01,4.521449E-01,3.969579E-01,3.318635E-01,2.637504E-01,1.996419E-01,1.442742E-01,9.947976E-02,6.355595E-02,3.766788E-02,2.079917E-02,1.021849E-02,4.878664E-03,2.297006E-03,1.073148E-03,4.315695E-04,1.583512E-04,5.537968E-05,1.772283E-05,4.985559E-06,1.192159E-06,2.357372E-07,3.761502E-08
-7.41787,41.10000,0.00000,5.229005E-01,5.080136E-01,4.815616E-01,4.410131E-01,3.868031E-01,3.230690E-01,2.565703E-01,1.941169E-01,1.402517E-01,9.670191E-02,6.291583E-02,3.667586E-02,2.026772E-02,1.012445E-02,4.727276E-03,2.228471E-03,1.043011E-03,4.315453E-04,1.583028E-04,5.525808E-05,1.762055E-05,4.928065E-06,1.168032E-06,2.280487E-07,3.576319E-08
-7.41787,41.20000,0.00000,5.026579E-01,4.882703E-01,4.626879E-01,4.235038E-01,3.712045E-01,3.098445E-01,2.459493E-01,1.860367E-01,1.344266E-01,9.274046E-02,6.080658E-02,3.633692E-02,1.985708E-02,1.003683E-02,4.560567E-03,2.156633E-03,1.012708E-03,4.326786E-04,1.587987E-04,5.540016E-05,1.764774E-05,4.930008E-06,1.167083E-06,2.275573E-07,3.563114E-08
-7.41787,41.30000,0.00000,4.758904E-01,4.624212E-01,4.383498E-01,4.013585E-01,3.519093E-01,2.938595E-01,2.333951E-01,1.766830E-01,1.278191E-01,8.833981E-02,5.807120E-02,3.523240E-02,1.903987E-02,9.831971E-03,4.390620E-03,2.072629E-03,9.712726E-04,4.348355E-04,1.598299E-04,5.578794E-05,1.779418E-05,4.987980E-06,1.188433E-06,2.340696E-07,3.718028E-08
-7.41787,41.40000,0.00000,4.742751E-01,4.604502E-01,4.359227E-01,3.984874E-01,3.487642E-01,2.907310E-01,2.305804E-01,1.743685E-01,1.260408E-01,8.703301E-02,5.713844E-02,3.438165E-02,1.864072E-02,9.649424E-03,4.333782E-03,2.014098E-03,9.433032E-04,4.375177E-04,1.612454E-04,5.630859E-05,1.799974E-05,5.074162E-06,1.221365E-06,2.442998E-07,3.963876E-08
-7.41787,41.50000,0.00000,4.623822E-01,4.487211E-01,4.245445E-01,3.877552E-01,3.390573E-01,2.824132E-01,2.238730E-01,1.692744E-01,1.223816E-01,8.454023E-02,5.553099E-02,3.379909E-02,1.813393E-02,9.385265E-03,4.304195E-03,1.965283E-03,9.228984E-04,4.309121E-04,1.631046E-04,5.692683E-05,1.821259E-05,5.154378E-06,1.250609E-06,2.532519E-07,4.178402E-08
-7.41787,41.60000,0.00000,4.475574E-01,4.342142E-01,4.106340E-01,3.748271E-01,3.275492E-01,2.727000E-01,2.161365E-01,1.634565E-01,1.182430E-01,8.175878E-02,5.377362E-02,3.343790E-02,1.803169E-02,9.173064E-03,4.305994E-03,1.917970E-03,9.026951E-04,4.239466E-04,1.658912E-04,5.773818E-05,1.841957E-05,5.205311E-06,1.263599E-06,2.565183E-07,4.250364E-08
-7.41787,41.70000,0.00000,4.241835E-01,4.116269E-01,3.893605E-01,3.554861E-01,3.107334E-01,2.588158E-01,2.052793E-01,1.554135E-01,1.125995E-01,7.803096E-02,5.148087E-02,3.213385E-02,1.782481E-02,9.094129E-03,4.298454E-03,1.870528E-03,8.812846E-04,4.144456E-04,1.693416E-04,5.867298E-05,1.859557E-05,5.215704E-06,1.255692E-06,2.525602E-07,4.140792E-08
-7.41787,41.80000,0.00000,4.212160E-01,4.083831E-01,3.857869E-01,3.516474E-01,3.068372E-01,2.551630E-01,2.021411E-01,1.529276E-01,1.107542E-01,7.672223E-02,5.058300E-02,3.147112E-02,1.719272E-02,8.793976E-03,4.225443E-03,1.826913E-03,8.570671E-04,4.000411E-04,1.727671E-04,5.948179E-05,1.867501E-05,5.177454E-06,1.228985E-06,2.429275E-07,3.898393E-08
-7.41787,41.90000,0.00000,4.094735E-01,3.968386E-01,3.746486E-01,3.412254E-01,2.975071E-01,2.472648E-01,1.958590E-01,1.482304E-01,1.074349E-01,7.449623E-02,4.916573E-02,3.067578E-02,1.703189E-02,8.646337E-03,4.228507E-03,1.813674E-03,8.371506E-04,3.882458E-04,1.765142E-04,6.036691E-05,1.876119E-05,5.135269E-06,1.199927E-06,2.325649E-07,3.640442E-08
-7.41787,42.00000,0.00000,3.970535E-01,3.846615E-01,3.629478E-01,3.303333E-01,2.878070E-01,2.390849E-01,1.893606E-01,1.433610E-01,1.039771E-01,7.216077E-02,4.766593E-02,2.976047E-02,1.669123E-02,8.395602E-03,4.173668E-03,1.825206E-03,8.197025E-04,3.782131E-04,1.706449E-04,6.183818E-05,1.904974E-05,5.155176E-06,1.188597E-06,2.268079E-07,3.484195E-08
-7.41787,42.10000,0.00000,3.755174E-01,3.638650E-01,3.433935E-01,3.126002E-01,2.724312E-01,2.264172E-01,1.794664E-01,1.360315E-01,9.883065E-02,6.875591E-02,4.556594E-02,2.856093E-02,1.633078E-02,8.388021E-03,4.045697E-03,1.856923E-03,8.024664E-04,3.686297E-04,1.643268E-04,6.435615E-05,1.971898E-05,5.294308E-06,1.210413E-06,2.292212E-07,3.499143E-08
-7.41787,42.20000,0.00000,3.663738E-01,3.547986E-01,3.345370E-01,3.041844E-01,2.647627E-01,2.197974E-01,1.740944E-01,1.319353E-01,9.588601E-02,6.675325E-02,4.427592E-02,2.777047E-02,1.596078E-02,8.323908E-03,4.012942E-03,1.883064E-03,7.847259E-04,3.591456E-04,1.591178E-04,6.732536E-05,2.112975E-05,5.677573E-06,1.296872E-06,2.455298E-07,3.758671E-08
-7.31787,36.90000,0.00000,8.596244E-01,8.306794E-01,7.881275E-01,7.301775E-01,6.572469E-01,5.723968E-01,4.806835E-01,3.879499E-01,2.999102E-01,2.214525E-01,1.559637E-01,1.047660E-01,6.715618E-02,4.106622E-02,2.391034E-02,1.320669E-02,6.881510E-03,3.355127E-03,1.512592E-03,6.201923E-04,2.263920E-04,7.178202E-05,1.927207E-05,4.277780E-06,7.683186E-07
-7.31787,37.00000,0.00000,8.601108E-01,8.313141E-01,7.886956E-01,7.303029E-01,6.564919E-01,5.704421E-01,4.774837E-01,3.837418E-01,2.951266E-01,2.166030E-01,1.515242E-01,1.010766E-01,6.436130E-02,3.912972E-02,2.268340E-02,1.249976E-02,6.514045E-03,3.183703E-03,1.441051E-03,5.937428E-04,2.179244E-04,6.951058E-05,1.877982E-05,4.194920E-06,7.580275E-07
-7.31787,37.10000,0.00000,8.633764E-01,8.345119E-01,7.916251E-01,7.325760E-01,6.576033E-01,5.699514E-01,4.752159E-01,3.798753E-01,2.901393E-01,2.111308E-01,1.462017E-01,9.639776E-02,6.060474E-02,3.635644E-02,2.079689E-02,1.131994E-02,5.838869E-03,2.831691E-03,1.274649E-03,5.232708E-04,1.918669E-04,6.141273E-05,1.675196E-05,3.802730E-06,7.023449E-07
-7.31787,37.20000,0.00000,8.646276E-01,8.357404E-01,7.926356E-01,7.330007E-01,6.569559E-01,5.678109E-01,4.714283E-01,3.746370E-01,2.839161E-01,2.045171E-01,1.397815E-01,9.065653E-02,5.585682E-02,3.271414E-02,1.819625E-02,9.590530E-03,4.772673E-03,2.227635E-03,9.627893E-04,3.773244E-04,1.304007E-04,3.854461E-05,9.471501E-06,1.889687E-06,3.002596E-07
-7.31787,37.30000,0.00000,8.976758E-01,8.900659E-01,8.749067E-01,8.477303E-01,8.033711E-01,7.376618E-01,6.503745E-01,5.471665E-01,4.378206E-01,3.321165E-01,2.372737E-01,1.581103E-01,9.740922E-02,5.528476E-02,2.895863E-02,1.403335E-02,6.270567E-03,2.556463E-03,9.393328E-04,3.088391E-04,9.075460E-05,2.376453E-05,5.463998E-06,1.071939E-06,1.730029E-07
-7.31787,37.40000,0.00000,8.963250E-01,8.886775E-01,8.734099E-01,8.459893E-01,8.011505E-01,7.346324E-01,6.462151E-01,5.417596E-01,4.314122E-01,3.252595E-01,2.306134E-01,1.521884E-01,9.256697E-02,5.164819E-02,2.646071E-02,1.247265E-02,5.387923E-03,2.106285E-03,7.327826E-04,2.238540E-04,5.966002E-05,1.383411E-05,2.773308E-06,4.730338E-07,6.678692E-08
-7.31787,37.50000,0.00000,8.980987E-01,8.904241E-01,8.751029E-01,8.475469E-01,8.023753E-01,7.351697E-01,6.456423E-01,5.398150E-01,4.282232E-01,3.213055E-01,2.264922E-01,1.484013E-01,8.942914E-02,4.928904E-02,2.485915E-02,1.150051E-02,4.865849E-03,1.860512E-03,6.322910E-04,1.886025E-04,4.923336E-05,1.128806E-05,2.270834E-06,3.942853E-07,5.716414E-08
-7.31787,37.60000,0.00000,8.997610E-01,8.920394E-01,8.766320E-01,8.488954E-01,8.033403E-01,7.354162E-01,6.448059E-01,5.377303E-01,4.251011E-01,3.176445E-01,2.228353E-01,1.451489E-01,8.680206E-02,4.735930E-02,2.358502E-02,1.075771E-02,4.490769E-03,1.699571E-03,5.747220E-04,1.717363E-04,4.523278E-05,1.051596E-05,2.144489E-06,3.753009E-07,5.439026E-08
-7.31787,37.70000,0.00000,8.976226E-01,8.898080E-01,8.742048E-01,8.461034E-01,7.999483E-01,7.311678E-01,6.395534E-01,5.316160E-01,4.186092E-01,3.114175E-01,2.173987E-01,1.407732E-01,8.353000E-02,4.509829E-02,2.216792E-02,9.972735E-03,4.117642E-03,1.552820E-03,5.297725E-04,1.626609E-04,4.510011E-05,1.132849E-05,2.545659E-06,4.954025E-07,8.002704E-08
-7.31787,37.80000,0.00000,8.991095E-01,8.912236E-01,8.754992E-01,8.471828E-01,8.006400E-01,7.312225E-01,6.387469E-01,5.299153E-01,4.162441E-01,3.087605E-01,2.147885E-01,1.384411E-01,8.162136E-02,4.368439E-02,2.123755E-02,9.437287E-03,3.850248E-03,1.436816E-03,4.855091E-04,1.474607E-04,4.030053E-05,9.938385E-06,2.189711E-06,4.189696E-07,6.692327E-08
-7.31787,37.90000,0.00000,8.977605E-01,8.897579E-01,8.738121E-01,8.451173E-01,7.979876E-01,7.277782E-01,6.344342E-01,5.249171E-01,4.109972E-01,3.037736E-01,2.104437E-01,1.349314E-01,7.898923E-02,4.187323E-02,2.011639E-02,8.825429E-03,3.560448E-03,1.318587E-03,4.438921E-04,1.346769E-04,3.681868E-05,9.091547E-06,2.008534E-06,3.859805E-07,6.202367E-08
-7.31787,38.00000,0.00000,9.001800E-01,8.920802E-01,8.759827E-01,8.470501E-01,7.995321E-01,7.287345E-01,6.346404E-01,5.243713E-01,4.098702E-01,3.023025E-01,2.088511E-01,1.334119E-01,7.770981E-02,4.093798E-02,1.953149E-02,8.515359E-03,3.421589E-03,1.266000E-03,4.269383E-04,1.299626E-04,3.565589E-05,8.823005E-06,1.946702E-06,3.718015E-07,5.906408E-08
-7.31787,38.10000,0.00000,8.930631E-01,8.847573E-01,8.682464E-01,8.386381E-01,7.902229E-01,7.185043E-01,6.238096E-01,5.135859E-01,3.999023E-01,2.937799E-01,2.020938E-01,1.284282E-01,7.428868E-02,3.876438E-02,1.827118E-02,7.863006E-03,3.128254E-03,1.154847E-03,3.925932E-04,1.216044E-04,3.410073E-05,8.595464E-06,1.911253E-06,3.629650E-07,5.664395E-08
-7.31787,38.20000,0.00000,8.948973E-01,8.864670E-01,8.697636E-01,8.398730E-01,7.910634E-01,7.188534E-01,6.236519E-01,5.130184E-01,3.990725E-01,2.928115E-01,2.010844E-01,1.274874E-01,7.352993E-02,3.824928E-02,1.798215E-02,7.731032E-03,3.080643E-03,1.142516E-03,3.912964E-04,1.223778E-04,3.467749E-05,8.814127E-06,1.965682E-06,3.716612E-07,5.730461E-08
-7.31787,38.30000,0.00000,8.940899E-01,8.854931E-01,8.685109E-01,8.382030E-01,7.888556E-01,7.160858E-01,6.204775E-01,5.097394E-01,3.959999E-01,2.901534E-01,1.989394E-01,1.258902E-01,7.245947E-02,3.762047E-02,1.766447E-02,7.594103E-03,3.030400E-03,1.126819E-03,3.871540E-04,1.214667E-04,3.450342E-05,8.776609E-06,1.953899E-06,3.677414E-07,5.628342E-08
-7.31787,38.40000,0.00000,8.907880E-01,8.820043E-01,8.646904E-01,8.338860E-01,7.839361E-01,7.106302E-01,6.147915E-01,5.042835E-01,3.911804E-01,2.862047E-01,1.959328E-01,1.237886E-01,7.114286E-02,3.689725E-02,1.732012E-02,7.451637E-03,2.978339E-03,1.109757E-03,3.821856E-04,1.202533E-04,3.428952E-05,8.765373E-06,1.963356E-06,3.723085E-07,5.753267E-08
-7.31787,38.50000,0.00000,8.894835E-01,8.805084E-01,8.628752E-01,8.316119E-01,7.811120E-01,7.073111E-01,6.112301E-01,5.008364E-01,3.881322E-01,2.836834E-01,1.939658E-01,1.223693E-01,7.022715E-02,3.638284E-02,1.668459E-02,7.108785E-03,2.936957E-03,1.095159E-03,3.776890E-04,1.191739E-04,3.415151E-05,8.797192E-06,1.991722E-06,3.831322E-07,6.032802E-08
-7.31787,38.60000,0.00000,8.819546E-01,8.727062E-01,8.545772E-01,8.225783E-01,7.712377E-01,6.967981E-01,6.006379E-01,4.908906E-01,3.794082E-01,2.764881E-01,1.883868E-01,1.183336E-01,6.752523E-02,3.471229E-02,1.598445E-02,6.842906E-03,2.702679E-03,1.001016E-03,3.465724E-04,1.110554E-04,3.257072E-05,8.602382E-06,1.992885E-06,3.914717E-07,6.297227E-08
-7.31787,38.70000,0.00000,8.800203E-01,8.705621E-01,8.520848E-01,8.195946E-01,7.676930E-01,6.928017E-01,5.965091E-01,4.870278E-01,3.760960E-01,2.738316E-01,1.863860E-01,1.169526E-01,6.668435E-02,3.361775E-02,1.525791E-02,6.531564E-03,2.675280E-03,9.915512E-04,3.435769E-04,1.102767E-04,3.243395E-05,8.599263E-06,2.001442E-06,3.952874E-07,6.399166E-08
-7.31787,38.80000,0.00000,8.801427E-01,8.704644E-01,8.516354E-01,8.186508E-01,7.661626E-01,6.907311E-01,5.941220E-01,4.846316E-01,3.739132E-01,2.719533E-01,1.848530E-01,1.158091E-01,6.579534E-02,3.247587E-02,1.474310E-02,6.327651E-03,2.641611E-03,9.821173E-04,3.404433E-04,1.093363E-04,3.217541E-05,8.527145E-06,1.980035E-06,3.892372E-07,6.257243E-08
-7.31787,38.90000,0.00000,8.735330E-01,8.635972E-01,8.443212E-01,8.107173E-01,7.575938E-01,6.818146E-01,5.854500E-01,4.768483E-01,3.674382E-01,2.669092E-01,1.811793E-01,1.133504E-01,6.311944E-02,3.115012E-02,1.417261E-02,6.110632E-03,2.566593E-03,9.512708E-04,3.298811E-04,1.062937E-04,3.140889E-05,8.335097E-06,1.927192E-06,3.748406E-07,5.925717E-08
-7.31787,39.00000,0.00000,8.659366E-01,8.557122E-01,8.359209E-01,8.015612E-01,7.475625E-01,6.710762E-01,5.745267E-01,4.664772E-01,3.582998E-01,2.594305E-01,1.739173E-01,1.041050E-01,5.639214E-02,2.767757E-02,1.250921E-02,5.362574E-03,2.255060E-03,8.825274E-04,3.080040E-04,1.005106E-04,3.010022E-05,8.050883E-06,1.859196E-06,3.576988E-07,5.545575E-08
-7.31787,39.10000,0.00000,8.608510E-01,8.504018E-01,8.302267E-01,7.953298E-01,7.407625E-01,6.639182E-01,5.674816E-01,4.601019E-01,3.529867E-01,2.553213E-01,1.684368E-01,1.005403E-01,5.433371E-02,2.663590E-02,1.204752E-02,5.180514E-03,2.189167E-03,8.730841E-04,3.051168E-04,9.961729E-05,2.980161E-05,7.940946E-06,1.819657E-06,3.457341E-07,5.264470E-08
-7.31787,39.20000,0.00000,8.623684E-01,8.516781E-01,8.311210E-01,7.956803E-01,7.404334E-01,6.628948E-01,5.659380E-01,4.583406E-01,3.512699E-01,2.535585E-01,1.650390E-01,9.812309E-02,5.280282E-02,2.578105E-02,1.161891E-02,4.977692E-03,2.092136E-03,8.657580E-04,3.030699E-04,9.905674E-05,2.964309E-05,7.891588E-06,1.803632E-06,3.411189E-07,5.159131E-08
-7.31787,39.30000,0.00000,8.603404E-01,8.493901E-01,8.284017E-01,7.923492E-01,7.363774E-01,6.581916E-01,5.609196E-01,4.534768E-01,3.434241E-01,2.403544E-01,1.559956E-01,9.262733E-02,4.986671E-02,2.439708E-02,1.103116E-02,4.744042E-03,2.001132E-03,8.434095E-04,3.002837E-04,9.848537E-05,2.956800E-05,7.896851E-06,1.811091E-06,3.439478E-07,5.229210E-08
-7.31787,39.40000,0.00000,8.419353E-01,8.306320E-01,8.089902E-01,7.720073E-01,7.151025E-01,6.364924E-01,5.325826E-01,4.178326E-01,3.092080E-01,2.149984E-01,1.390662E-01,8.259103E-02,4.462847E-02,2.197708E-02,1.001998E-02,4.350231E-03,1.855388E-03,7.608672E-04,2.709539E-04,9.116206E-05,2.818388E-05,7.725536E-06,1.808531E-06,3.492979E-07,5.398068E-08
-7.31787,39.50000,0.00000,8.366647E-01,8.251482E-01,8.031412E-01,7.656491E-01,7.081984E-01,6.292305E-01,5.280274E-01,4.132872E-01,3.051388E-01,2.116200E-01,1.364460E-01,8.072881E-02,4.345015E-02,2.132574E-02,9.706558E-03,4.217153E-03,1.803990E-03,7.495661E-04,2.684195E-04,9.078810E-05,2.820686E-05,7.772700E-06,1.831508E-06,3.567402E-07,5.572907E-08
-7.31787,39.60000,0.00000,8.388914E-01,8.270956E-01,8.046356E-01,7.664698E-01,7.081093E-01,6.279797E-01,5.190037E-01,4.051418E-01,2.984523E-01,2.065510E-01,1.328788E-01,7.841908E-02,4.209325E-02,2.060694E-02,9.358463E-03,4.056722E-03,1.729262E-03,7.290173E-04,2.634081E-04,8.985045E-05,2.809683E-05,7.779378E-06,1.840592E-06,3.599906E-07,5.649831E-08
-7.31787,39.70000,0.00000,8.335587E-01,8.214787E-01,7.985354E-01,7.596231E-01,6.902649E-01,5.983915E-01,4.914607E-01,3.816141E-01,2.800164E-01,1.933199E-01,1.242576E-01,7.338530E-02,3.948616E-02,1.940970E-02,8.864764E-03,3.869058E-03,1.661151E-03,6.821545E-04,2.489241E-04,8.619252E-05,2.734820E-05,7.650688E-06,1.819610E-06,3.562722E-07,5.582129E-08
-7.31787,39.80000,0.00000,8.238818E-01,8.082146E-01,7.791489E-01,7.312573E-01,6.609222E-01,5.694953E-01,4.649228E-01,3.590556E-01,2.622705E-01,1.804459E-01,1.157442E-01,6.833851E-02,3.684318E-02,1.819566E-02,8.375135E-03,3.694556E-03,1.606141E-03,6.606006E-04,2.427726E-04,8.464373E-05,2.697598E-05,7.552482E-06,1.790646E-06,3.482450E-07,5.402238E-08
-7.31787,39.90000,0.00000,8.057777E-01,7.894365E-01,7.593600E-01,7.103404E-01,6.392934E-01,5.482210E-01,4.454199E-01,3.424992E-01,2.492386E-01,1.709308E-01,1.093369E-01,6.439696E-02,3.464149E-02,1.707736E-02,7.855011E-03,3.472209E-03,1.519621E-03,6.415283E-04,2.367145E-04,8.286691E-05,2.647416E-05,7.408227E-06,1.749006E-06,3.373600E-07,5.169973E-08
-7.31787,40.00000,0.00000,7.890903E-01,7.721750E-01,7.412765E-01,6.914117E-01,6.199772E-01,5.295181E-01,4.285517E-01,3.283984E-01,2.382733E-01,1.629825E-01,1.039973E-01,6.111560E-02,3.282345E-02,1.617705E-02,7.454603E-03,3.307344E-03,1.452096E-03,5.980500E-04,2.224209E-04,7.879413E-05,2.546024E-05,7.177922E-06,1.698572E-06,3.267608E-07,4.972685E-08
-7.31787,40.10000,0.00000,7.407908E-01,7.235821E-01,6.923681E-01,6.426709E-01,5.727664E-01,4.859579E-01,3.907725E-01,2.977411E-01,2.150405E-01,1.466638E-01,9.353998E-02,5.511673E-02,2.978589E-02,1.482416E-02,6.920263E-03,3.116880E-03,1.389099E-03,5.769126E-04,2.160198E-04,7.715674E-05,2.514103E-05,7.142728E-06,1.701233E-06,3.288942E-07,5.023093E-08
-7.31787,40.20000,0.00000,7.401370E-01,7.223912E-01,6.904115E-01,6.397946E-01,5.690070E-01,4.816118E-01,3.863125E-01,2.936208E-01,2.115410E-01,1.438942E-01,9.150745E-02,5.375930E-02,2.897758E-02,1.440105E-02,6.727979E-03,3.043161E-03,1.366949E-03,5.469445E-04,2.053568E-04,7.344080E-05,2.387871E-05,6.743685E-06,1.591770E-06,3.044442E-07,4.598241E-08
-7.31787,40.30000,0.00000,7.080387E-01,6.902094E-01,6.582596E-01,6.081513E-01,5.388650E-01,4.543321E-01,3.631319E-01,2.751850E-01,1.978241E-01,1.343977E-01,8.547357E-02,5.030388E-02,2.722201E-02,1.361734E-02,6.422500E-03,2.941485E-03,1.341164E-03,5.102493E-04,1.880082E-04,6.574987E-05,2.091859E-05,5.814352E-06,1.364599E-06,2.628976E-07,4.055592E-08
-7.31787,40.40000,0.00000,6.443497E-01,6.279230E-01,5.986567E-01,5.519217E-01,4.879434E-01,4.107855E-01,3.277066E-01,2.483008E-01,1.776723E-01,1.213170E-01,7.776891E-02,4.626126E-02,2.503511E-02,1.243627E-02,5.969346E-03,2.788980E-03,1.284304E-03,4.765171E-04,1.724800E-04,5.924842E-05,1.857927E-05,5.123289E-06,1.202939E-06,2.339020E-07,3.671035E-08
-7.31787,40.50000,0.00000,6.361270E-01,6.198197E-01,5.905288E-01,5.437080E-01,4.803674E-01,4.032147E-01,3.209702E-01,2.423957E-01,1.736890E-01,1.184952E-01,7.553524E-02,4.502983E-02,2.424747E-02,1.202757E-02,5.750904E-03,2.676266E-03,1.240151E-03,4.590861E-04,1.661908E-04,5.734775E-05,1.815420E-05,5.075409E-06,1.212476E-06,2.406611E-07,3.870521E-08
-7.31787,40.60000,0.00000,6.172701E-01,6.011078E-01,5.714229E-01,5.258414E-01,4.631722E-01,3.882215E-01,3.081426E-01,2.321078E-01,1.662386E-01,1.132467E-01,7.207324E-02,4.277188E-02,2.302230E-02,1.150690E-02,5.513029E-03,2.573400E-03,1.197096E-03,4.447965E-04,1.620387E-04,5.640878E-05,1.804100E-05,5.100212E-06,1.233631E-06,2.484498E-07,4.067046E-08
-7.31787,40.70000,0.00000,6.007009E-01,5.840413E-01,5.544623E-01,5.089238E-01,4.475324E-01,3.746576E-01,2.979809E-01,2.252497E-01,1.611351E-01,1.089159E-01,6.994678E-02,4.140193E-02,2.231312E-02,1.109935E-02,5.330311E-03,2.497749E-03,1.163528E-03,4.341143E-04,1.591576E-04,5.579783E-05,1.795943E-05,5.104280E-06,1.240574E-06,2.510972E-07,4.133856E-08
-7.31787,40.80000,0.00000,5.405587E-01,5.259148E-01,4.995868E-01,4.587643E-01,4.035719E-01,3.380077E-01,2.690106E-01,2.038224E-01,1.474101E-01,1.017400E-01,6.618907E-02,3.863446E-02,2.138944E-02,1.052764E-02,5.054706E-03,2.394721E-03,1.132569E-03,4.295971E-04,1.579956E-04,5.549237E-05,1.786195E-05,5.066522E-06,1.226361E-06,2.466923E-07,4.028043E-08
-7.31787,40.90000,0.00000,5.364965E-01,5.216063E-01,4.949770E-01,4.538973E-01,3.986303E-01,3.332870E-01,2.648148E-01,2.003421E-01,1.446877E-01,9.970847E-02,6.420527E-02,3.771827E-02,2.082342E-02,1.022974E-02,4.882700E-03,2.300997E-03,1.080595E-03,4.262699E-04,1.570953E-04,5.516216E-05,1.770354E-05,4.990623E-06,1.195936E-06,2.371476E-07,3.799359E-08
-7.31787,41.00000,0.00000,5.259651E-01,5.111231E-01,4.846618E-01,4.439760E-01,3.894431E-01,3.252051E-01,2.581093E-01,1.950935E-01,1.407964E-01,9.697004E-02,6.215395E-02,3.660486E-02,2.018481E-02,9.960090E-03,4.718297E-03,2.221801E-03,1.042046E-03,4.243437E-04,1.565071E-04,5.487034E-05,1.753756E-05,4.907489E-06,1.162447E-06,2.267022E-07,3.551646E-08
-7.31787,41.10000,0.00000,5.181121E-01,5.031747E-01,4.766641E-01,4.360892E-01,3.819547E-01,3.184683E-01,2.524176E-01,1.905783E-01,1.374173E-01,9.457586E-02,6.172853E-02,3.591227E-02,1.981634E-02,9.886172E-03,4.579744E-03,2.159970E-03,1.015147E-03,4.242391E-04,1.563804E-04,5.472307E-05,1.743255E-05,4.852041E-06,1.139944E-06,2.197165E-07,3.387225E-08
-7.31787,41.20000,0.00000,4.992842E-01,4.848025E-01,4.590950E-01,4.197949E-01,3.674575E-01,3.062114E-01,2.426139E-01,1.831586E-01,1.320980E-01,9.097683E-02,5.955899E-02,3.516106E-02,1.936899E-02,9.711036E-03,4.430056E-03,2.095709E-03,9.877001E-04,4.244577E-04,1.565759E-04,5.476595E-05,1.742939E-05,4.845388E-06,1.136680E-06,2.186683E-07,3.362775E-08
-7.31787,41.30000,0.00000,4.768592E-01,4.631078E-01,4.386230E-01,4.011284E-01,3.511801E-01,2.927480E-01,2.320929E-01,1.753842E-01,1.266583E-01,8.738083E-02,5.732806E-02,3.475016E-02,1.869457E-02,9.658861E-03,4.304226E-03,2.024176E-03,9.508901E-04,4.260357E-04,1.572173E-04,5.500180E-05,1.752388E-05,4.885253E-06,1.151767E-06,2.232613E-07,3.470431E-08
-7.31787,41.40000,0.00000,4.669131E-01,4.532504E-01,4.289963E-01,3.919824E-01,3.428528E-01,2.855763E-01,2.262923E-01,1.709734E-01,1.234864E-01,8.521336E-02,5.591797E-02,3.358910E-02,1.820795E-02,9.422836E-03,4.226881E-03,1.967997E-03,9.243304E-04,4.284183E-04,1.582317E-04,5.537688E-05,1.767534E-05,4.949809E-06,1.176318E-06,2.307465E-07,3.645518E-08
-7.31787,41.50000,0.00000,4.600692E-01,4.462974E-01,4.219763E-01,3.850517E-01,3.362923E-01,2.797207E-01,2.214070E-01,1.671599E-01,1.206827E-01,8.325983E-02,5.462615E-02,3.313684E-02,1.776041E-02,9.192642E-03,4.203888E-03,1.924179E-03,9.053045E-04,4.223534E-04,1.594884E-04,5.578510E-05,1.782025E-05,5.006757E-06,1.197304E-06,2.370755E-07,3.792993E-08
-7.31787,41.60000,0.00000,4.401353E-01,4.269400E-01,4.036183E-01,3.682193E-01,3.215274E-01,2.674352E-01,2.117467E-01,1.599771E-01,1.156286E-01,7.990761E-02,5.255013E-02,3.241762E-02,1.743610E-02,8.916399E-03,4.166901E-03,1.881566E-03,8.873369E-04,4.149710E-04,1.609792E-04,5.618592E-05,1.791567E-05,5.030454E-06,1.203819E-06,2.388006E-07,3.830995E-08
-7.31787,41.70000,0.00000,4.218099E-01,4.091877E-01,3.868450E-01,3.529210E-01,3.081971E-01,2.564294E-01,2.031657E-01,1.536544E-01,1.112165E-01,7.699843E-02,5.074960E-02,3.164620E-02,1.730128E-02,8.807079E-03,4.159842E-03,1.840707E-03,8.688695E-04,4.070508E-04,1.627237E-04,5.655264E-05,1.794286E-05,5.011609E-06,1.192249E-06,2.348333E-07,3.734863E-08
-7.31787,41.80000,0.00000,4.123477E-01,3.997901E-01,3.776477E-01,3.441688E-01,3.002205E-01,2.495583E-01,1.976087E-01,1.494307E-01,1.081841E-01,7.493396E-02,4.941776E-02,3.072403E-02,1.674103E-02,8.547412E-03,4.094010E-03,1.797392E-03,8.462053E-04,3.949543E-04,1.646531E-04,5.689798E-05,1.791939E-05,4.961792E-06,1.167822E-06,2.269087E-07,3.547168E-08
-7.31787,41.90000,0.00000,4.074628E-01,3.947318E-01,3.724236E-01,3.389007E-01,2.951582E-01,2.450123E-01,1.938305E-01,1.465196E-01,1.060814E-01,7.349014E-02,4.846403E-02,3.021866E-02,1.668035E-02,8.509449E-03,4.106807E-03,1.762145E-03,8.275626E-04,3.840306E-04,1.669439E-04,5.732436E-05,1.790777E-05,4.911160E-06,1.142305E-06,2.186171E-07,3.351650E-08
-7.31787,42.00000,0.00000,3.954698E-01,3.829711E-01,3.611239E-01,3.283864E-01,2.858045E-01,2.371411E-01,1.875989E-01,1.418724E-01,1.027993E-01,7.128439E-02,4.705299E-02,2.935981E-02,1.626917E-02,8.275512E-03,4.072151E-03,1.751318E-03,8.114493E-04,3.748813E-04,1.687128E-04,5.804873E-05,1.800237E-05,4.896292E-06,1.128261E-06,2.135439E-07,3.228627E-08
-7.31787,42.10000,0.00000,3.668294E-01,3.554907E-01,3.355274E-01,3.054547E-01,2.661938E-01,2.212057E-01,1.753088E-01,1.328675E-01,9.654099E-02,6.719177E-02,4.456886E-02,2.797509E-02,1.595623E-02,8.132509E-03,3.987311E-03,1.777169E-03,7.947483E-04,3.658439E-04,1.631610E-04,5.934077E-05,1.829256E-05,4.945817E-06,1.134077E-06,2.138327E-07,3.223125E-08
-7.31787,42.20000,0.00000,3.659076E-01,3.541899E-01,3.337334E-01,3.031670E-01,2.635731E-01,2.185340E-01,1.728782E-01,1.308662E-01,9.501538E-02,6.608711E-02,4.379506E-02,2.744625E-02,1.550789E-02,7.956950E-03,3.888524E-03,1.779738E-03,7.780880E-04,3.568144E-04,1.582942E-04,6.133866E-05,1.883959E-05,5.076852E-06,1.162948E-06,2.198077E-07,3.333860E-08
-7.21787,37.00000,0.00000,8.574341E-01,8.276490E-01,7.839553E-01,7.246040E-01,6.501582E-01,5.638969E-01,4.711137E-01,3.778562E-01,2.899768E-01,2.123799E-01,1.483006E-01,9.878061E-02,6.282362E-02,3.815873E-02,2.211300E-02,1.219762E-02,6.376698E-03,3.134204E-03,1.429223E-03,5.933141E-04,2.190072E-04,7.003864E-05,1.891064E-05,4.210336E-06,7.569832E-07
-7.21787,37.10000,0.00000,8.588477E-01,8.290905E-01,7.852017E-01,7.252603E-01,6.497552E-01,5.620736E-01,4.677871E-01,3.732508E-01,2.845461E-01,2.066959E-01,1.429284E-01,9.416440E-02,5.920146E-02,3.555152E-02,2.038786E-02,1.115254E-02,5.802886E-03,2.852655E-03,1.307614E-03,5.478681E-04,2.046590E-04,6.635019E-05,1.818414E-05,4.114090E-06,7.525568E-07
-7.21787,37.20000,0.00000,8.588005E-01,8.290891E-01,7.850131E-01,7.244850E-01,6.479117E-01,5.587925E-01,4.629855E-01,3.671722E-01,2.776675E-01,1.996013E-01,1.361977E-01,8.827481E-02,5.444231E-02,3.199390E-02,1.792165E-02,9.566702E-03,4.862086E-03,2.344077E-03,1.061582E-03,4.435436E-04,1.667126E-04,5.477426E-05,1.529403E-05,3.539229E-06,6.643232E-07
-7.21787,37.30000,0.00000,8.600263E-01,8.302076E-01,7.858175E-01,7.245923E-01,6.468325E-01,5.561159E-01,4.585959E-01,3.613213E-01,2.708760E-01,1.924837E-01,1.293295E-01,8.211862E-02,4.930703E-02,2.800799E-02,1.504117E-02,7.625974E-03,3.643723E-03,1.635867E-03,6.858025E-04,2.652903E-04,9.288590E-05,2.866998E-05,7.564685E-06,1.653981E-06,2.912447E-07
-7.21787,37.40000,0.00000,8.955887E-01,8.877128E-01,8.720601E-01,8.440599E-01,7.984634E-01,7.311293E-01,6.420669E-01,5.373421E-01,4.271420E-01,3.214459E-01,2.274332E-01,1.497259E-01,9.082153E-02,5.052855E-02,2.581568E-02,1.214214E-02,5.241023E-03,2.052137E-03,7.174496E-04,2.210965E-04,5.967536E-05,1.406271E-05,2.873977E-06,5.014663E-07,7.278820E-08
-7.21787,37.50000,0.00000,8.969117E-01,8.890098E-01,8.732970E-01,8.451450E-01,7.991906E-01,7.311494E-01,6.409866E-01,5.349493E-01,4.236051E-01,3.172533E-01,2.231654E-01,1.458582E-01,8.764714E-02,4.816037E-02,2.421654E-02,1.117199E-02,4.716262E-03,1.801135E-03,6.124960E-04,1.833624E-04,4.824918E-05,1.121071E-05,2.297830E-06,4.084760E-07,6.094096E-08
-7.21787,37.60000,0.00000,8.966014E-01,8.886357E-01,8.727863E-01,8.443549E-01,7.978750E-01,7.289663E-01,6.376252E-01,5.303631E-01,4.181579E-01,3.115784E-01,2.178803E-01,1.413709E-01,8.413801E-02,4.564074E-02,2.258019E-02,1.023024E-02,4.245382E-03,1.600266E-03,5.404918E-04,1.619177E-04,4.296118E-05,1.011899E-05,2.102938E-06,3.770543E-07,5.629063E-08
-7.21787,37.70000,0.00000,8.946515E-01,8.866065E-01,8.705826E-01,8.418174E-01,7.947758E-01,7.250527E-01,6.327539E-01,5.246737E-01,4.121162E-01,3.057917E-01,2.128397E-01,1.373229E-01,8.111978E-02,4.356280E-02,2.128216E-02,9.511432E-03,3.901066E-03,1.461026E-03,4.941099E-04,1.494839E-04,4.031817E-05,9.663359E-06,2.030062E-06,3.636299E-07,5.353513E-08
-7.21787,37.80000,0.00000,8.951277E-01,8.869989E-01,8.708203E-01,8.417745E-01,7.942469E-01,7.237768E-01,6.305401E-01,5.215787E-01,4.084933E-01,3.021225E-01,2.095141E-01,1.345608E-01,7.900584E-02,4.209106E-02,2.036949E-02,9.018241E-03,3.673400E-03,1.373392E-03,4.672800E-04,1.438526E-04,4.014503E-05,1.016643E-05,2.303060E-06,4.516543E-07,7.358233E-08
-7.21787,37.90000,0.00000,8.975822E-01,8.893695E-01,8.730575E-01,8.437864E-01,7.958560E-01,7.247254E-01,6.305987E-01,5.207064E-01,4.068956E-01,3.001264E-01,2.074231E-01,1.326123E-01,7.737897E-02,4.088870E-02,1.959511E-02,8.587400E-03,3.466842E-03,1.287388E-03,4.356052E-04,1.332427E-04,3.682845E-05,9.198207E-06,2.048301E-06,3.943877E-07,6.313405E-08
-7.21787,38.00000,0.00000,8.920443E-01,8.836423E-01,8.669497E-01,8.370427E-01,7.882216E-01,7.160867E-01,6.211392E-01,5.109681E-01,3.976216E-01,2.919773E-01,2.007861E-01,1.275731E-01,7.380950E-02,3.854948E-02,1.819948E-02,7.845282E-03,3.122643E-03,1.150768E-03,3.897338E-04,1.201799E-04,3.359330E-05,8.468605E-06,1.892457E-06,3.631786E-07,5.759985E-08
-7.21787,38.10000,0.00000,8.928133E-01,8.842966E-01,8.674107E-01,8.371992E-01,7.879304E-01,7.152175E-01,6.196693E-01,5.090468E-01,3.955130E-01,2.899280E-01,1.989542E-01,1.260560E-01,7.266793E-02,3.779212E-02,1.776882E-02,7.640062E-03,3.042393E-03,1.125742E-03,3.838594E-04,1.192907E-04,3.355158E-05,8.469836E-06,1.880818E-06,3.554720E-07,5.502539E-08
-7.21787,38.20000,0.00000,8.901736E-01,8.815147E-01,8.643681E-01,8.337499E-01,7.839535E-01,7.107107E-01,6.148325E-01,5.042617E-01,3.911827E-01,2.863243E-01,1.961758E-01,1.240739E-01,7.137913E-02,3.704682E-02,1.739627E-02,7.484401E-03,2.990788E-03,1.113910E-03,3.832626E-04,1.203613E-04,3.420309E-05,8.697973E-06,1.934307E-06,3.633812E-07,5.547930E-08
-7.21787,38.30000,0.00000,8.909847E-01,8.821709E-01,8.647720E-01,8.337725E-01,7.834503E-01,7.095852E-01,6.131302E-01,5.021890E-01,3.890169E-01,2.842834E-01,1.943947E-01,1.226418E-01,7.034813E-02,3.640329E-02,1.705667E-02,7.335206E-03,2.936765E-03,1.097911E-03,3.794148E-04,1.196069E-04,3.406684E-05,8.662777E-06,1.920685E-06,3.585914E-07,5.423904E-08
-7.21787,38.40000,0.00000,8.905540E-01,8.815630E-01,8.638682E-01,8.324280E-01,7.815397E-01,7.070876E-01,6.102114E-01,4.991640E-01,3.861906E-01,2.818464E-01,1.924297E-01,1.211823E-01,6.938250E-02,3.585249E-02,1.662292E-02,6.955849E-03,2.812181E-03,1.085804E-03,3.759366E-04,1.187373E-04,3.390133E-05,8.648141E-06,1.924958E-06,3.610893E-07,5.494350E-08
-7.21787,38.50000,0.00000,8.810427E-01,8.717610E-01,8.535159E-01,8.212363E-01,7.693477E-01,6.940788E-01,5.970067E-01,4.866485E-01,3.751635E-01,2.728008E-01,1.855193E-01,1.162828E-01,6.616928E-02,3.390453E-02,1.570051E-02,6.589252E-03,2.643698E-03,9.856429E-04,3.433368E-04,1.102886E-04,3.224033E-05,8.428308E-06,1.917154E-06,3.665120E-07,5.683398E-08
-7.21787,38.60000,0.00000,8.782555E-01,8.687632E-01,8.501593E-01,8.173593E-01,7.648684E-01,6.891004E-01,5.918702E-01,4.818088E-01,3.709742E-01,2.694238E-01,1.829814E-01,1.145351E-01,6.509779E-02,3.333287E-02,1.506327E-02,6.346978E-03,2.596237E-03,9.725200E-04,3.394574E-04,1.093813E-04,3.212208E-05,8.449677E-06,1.937379E-06,3.740909E-07,5.873664E-08
-7.21787,38.70000,0.00000,8.783311E-01,8.686581E-01,8.497680E-01,8.165739E-01,7.636309E-01,6.874781E-01,5.900772E-01,4.801036E-01,3.695047E-01,2.682033E-01,1.819836E-01,1.137687E-01,6.458174E-02,3.230915E-02,1.448738E-02,6.112599E-03,2.503883E-03,9.651885E-04,3.370676E-04,1.087383E-04,3.200139E-05,8.442272E-06,1.942215E-06,3.764042E-07,5.933838E-08
-7.21787,38.80000,0.00000,8.773507E-01,8.674524E-01,8.481939E-01,8.144801E-01,7.609278E-01,6.842386E-01,5.865741E-01,4.767059E-01,3.664886E-01,2.656936E-01,1.800237E-01,1.123699E-01,6.314593E-02,3.091903E-02,1.388197E-02,5.876832E-03,2.418255E-03,9.543723E-04,3.336256E-04,1.077577E-04,3.174683E-05,8.375546E-06,1.923394E-06,3.712521E-07,5.815565E-08
-7.21787,38.90000,0.00000,8.716172E-01,8.614402E-01,8.416991E-01,8.072937E-01,7.529677E-01,6.756994E-01,5.779680E-01,4.686801E-01,3.595567E-01,2.601136E-01,1.758453E-01,1.076814E-01,5.785121E-02,2.800661E-02,1.240291E-02,5.179764E-03,2.118555E-03,8.725973E-04,3.206034E-04,1.042090E-04,3.091577E-05,8.188302E-06,1.877422E-06,3.596332E-07,5.560302E-08
-7.21787,39.00000,0.00000,8.628576E-01,8.524097E-01,8.321841E-01,7.970861E-01,7.420233E-01,6.643036E-01,5.667518E-01,4.583970E-01,3.507850E-01,2.531299E-01,1.701178E-01,1.012621E-01,5.443681E-02,2.644010E-02,1.178656E-02,4.971184E-03,2.057047E-03,8.564632E-04,3.021759E-04,9.925826E-05,2.978939E-05,7.947408E-06,1.821890E-06,3.462165E-07,5.273316E-08
-7.21787,39.10000,0.00000,8.586815E-01,8.479966E-01,8.273703E-01,7.917154E-01,7.360487E-01,6.579099E-01,5.603778E-01,4.525678E-01,3.458857E-01,2.493127E-01,1.654188E-01,9.817246E-02,5.263277E-02,2.552085E-02,1.137972E-02,4.812925E-03,2.001414E-03,8.382379E-04,2.992748E-04,9.841214E-05,2.952983E-05,7.858794E-06,1.791509E-06,3.372949E-07,5.069203E-08
-7.21787,39.20000,0.00000,8.580768E-01,8.471321E-01,8.260881E-01,7.898427E-01,7.334726E-01,6.546861E-01,5.567800E-01,4.489942E-01,3.426690E-01,2.466297E-01,1.620536E-01,9.581041E-02,5.116383E-02,2.472028E-02,1.099074E-02,4.635446E-03,1.919286E-03,7.976095E-04,2.965737E-04,9.773961E-05,2.937347E-05,7.821161E-06,1.781505E-06,3.346850E-07,5.011955E-08
-7.21787,39.30000,0.00000,8.496433E-01,8.383780E-01,8.167726E-01,7.797286E-01,7.224739E-01,6.430424E-01,5.451086E-01,4.380724E-01,3.331553E-01,2.375811E-01,1.535282E-01,9.065303E-02,4.843306E-02,2.344790E-02,1.045643E-02,4.425073E-03,1.838244E-03,7.555385E-04,2.700946E-04,9.096555E-05,2.804723E-05,7.639175E-06,1.770298E-06,3.369724E-07,5.106566E-08
-7.21787,39.40000,0.00000,8.396946E-01,8.281794E-01,8.061334E-01,7.684763E-01,7.106183E-01,6.309262E-01,5.292468E-01,4.141006E-01,3.055032E-01,2.116714E-01,1.363179E-01,8.048827E-02,4.314223E-02,2.101201E-02,9.445970E-03,4.036792E-03,1.697112E-03,7.179046E-04,2.659344E-04,9.022571E-05,2.801800E-05,7.688145E-06,1.797356E-06,3.459752E-07,5.319591E-08
-7.21787,39.50000,0.00000,8.363847E-01,8.246317E-01,8.021898E-01,7.639814E-01,7.055055E-01,6.253398E-01,5.215287E-01,4.070609E-01,2.996891E-01,2.072327E-01,1.331618E-01,7.842287E-02,4.192656E-02,2.038067E-02,9.158465E-03,3.920584E-03,1.653947E-03,7.024159E-04,2.642052E-04,9.005808E-05,2.810135E-05,7.757480E-06,1.828547E-06,3.559549E-07,5.554721E-08
-7.21787,39.60000,0.00000,8.354891E-01,8.234506E-01,8.005437E-01,7.616734E-01,7.023969E-01,6.214728E-01,5.156435E-01,4.014635E-01,2.948693E-01,2.033877E-01,1.303093E-01,7.648706E-02,4.075082E-02,1.974831E-02,8.853581E-03,3.782941E-03,1.591388E-03,6.720212E-04,2.614834E-04,8.961066E-05,2.809763E-05,7.794726E-06,1.848104E-06,3.624797E-07,5.711480E-08
-7.21787,39.70000,0.00000,8.296111E-01,8.172919E-01,7.939079E-01,7.543632E-01,6.906766E-01,5.978899E-01,4.900333E-01,3.795171E-01,2.776440E-01,1.910258E-01,1.222672E-01,7.180481E-02,3.833396E-02,1.864101E-02,8.396698E-03,3.608704E-03,1.528147E-03,6.497319E-04,2.469301E-04,8.597597E-05,2.738301E-05,7.687448E-06,1.836607E-06,3.618766E-07,5.720125E-08
-7.21787,39.80000,0.00000,8.047934E-01,7.887906E-01,7.591653E-01,7.106331E-01,6.399630E-01,5.489963E-01,4.459929E-01,3.427207E-01,2.491657E-01,1.707127E-01,1.090798E-01,6.413360E-02,3.437952E-02,1.683544E-02,7.658482E-03,3.333807E-03,1.434213E-03,6.212147E-04,2.415429E-04,8.468649E-05,2.709057E-05,7.614127E-06,1.815502E-06,3.560685E-07,5.589806E-08
-7.21787,39.90000,0.00000,8.016929E-01,7.851520E-01,7.547320E-01,7.052231E-01,6.336266E-01,5.421293E-01,4.392420E-01,3.366938E-01,2.442117E-01,1.669129E-01,1.063631E-01,6.235328E-02,3.333418E-02,1.629576E-02,7.415778E-03,3.238841E-03,1.402001E-03,6.124970E-04,2.367781E-04,8.332809E-05,2.670345E-05,7.497531E-06,1.780027E-06,3.464402E-07,5.378865E-08
-7.21787,40.00000,0.00000,7.873566E-01,7.702535E-01,7.390294E-01,6.886802E-01,6.166473E-01,5.256202E-01,4.243196E-01,3.242102E-01,2.344988E-01,1.598637E-01,1.016190E-01,5.943594E-02,3.172178E-02,1.550337E-02,7.068417E-03,3.098669E-03,1.345657E-03,5.875522E-04,2.238638E-04,7.979963E-05,2.586134E-05,7.309890E-06,1.738022E-06,3.371483E-07,5.196651E-08
-7.21787,40.10000,0.00000,7.401484E-01,7.227356E-01,6.911716E-01,6.409556E-01,5.704055E-01,4.829619E-01,3.873522E-01,2.942460E-01,2.118177E-01,1.439494E-01,9.143262E-02,5.360376E-02,2.878043E-02,1.420385E-02,6.562395E-03,2.922016E-03,1.288488E-03,5.688597E-04,2.175236E-04,7.806471E-05,2.547430E-05,7.245098E-06,1.731455E-06,3.372837E-07,5.217661E-08
-7.21787,40.20000,0.00000,7.342881E-01,7.163750E-01,6.841174E-01,6.331404E-01,5.620204E-01,4.744999E-01,3.794502E-01,2.874289E-01,2.063493E-01,1.398593E-01,8.860723E-02,5.183402E-02,2.779402E-02,1.372103E-02,6.357130E-03,2.847788E-03,1.266450E-03,5.437637E-04,2.071877E-04,7.517904E-05,2.486983E-05,7.190426E-06,1.751640E-06,3.486718E-07,5.525326E-08
-7.21787,40.30000,0.00000,6.822084E-01,6.646799E-01,6.332332E-01,5.840040E-01,5.162201E-01,4.339686E-01,3.457427E-01,2.611527E-01,1.871713E-01,1.268451E-01,8.052365E-02,4.732715E-02,2.557664E-02,1.276891E-02,6.003078E-03,2.735706E-03,1.238175E-03,5.045995E-04,1.867470E-04,6.517675E-05,2.053289E-05,5.606107E-06,1.282395E-06,2.389790E-07,3.538447E-08
-7.21787,40.40000,0.00000,6.392590E-01,6.223288E-01,5.919620E-01,5.446329E-01,4.803824E-01,4.032767E-01,3.206349E-01,2.419359E-01,1.734952E-01,1.179483E-01,7.542171E-02,4.471757E-02,2.408767E-02,1.191380E-02,5.665909E-03,2.619028E-03,1.203972E-03,4.733399E-04,1.729518E-04,5.964013E-05,1.865113E-05,5.097104E-06,1.179424E-06,2.248418E-07,3.442247E-08
-7.21787,40.50000,0.00000,6.272900E-01,6.104662E-01,5.803998E-01,5.337539E-01,4.703397E-01,3.944620E-01,3.141148E-01,2.370025E-01,1.696164E-01,1.146846E-01,7.351746E-02,4.336819E-02,2.357455E-02,1.147480E-02,5.452725E-03,2.517829E-03,1.155864E-03,4.536280E-04,1.653002E-04,5.714521E-05,1.802177E-05,4.991202E-06,1.174483E-06,2.282358E-07,3.570390E-08
-7.21787,40.60000,0.00000,6.211110E-01,6.037739E-01,5.729808E-01,5.254890E-01,4.612991E-01,3.849270E-01,3.044856E-01,2.285269E-01,1.629043E-01,1.099348E-01,6.982284E-02,4.120284E-02,2.215095E-02,1.111119E-02,5.273691E-03,2.436993E-03,1.122407E-03,4.368610E-04,1.600292E-04,5.577583E-05,1.777121E-05,4.977699E-06,1.185404E-06,2.333582E-07,3.704385E-08
-7.21787,40.70000,0.00000,5.952231E-01,5.785054E-01,5.488392E-01,5.032181E-01,4.418301E-01,3.691485E-01,2.928294E-01,2.198838E-01,1.563069E-01,1.062445E-01,6.754708E-02,4.006180E-02,2.151744E-02,1.066092E-02,5.086673E-03,2.365489E-03,1.098333E-03,4.261642E-04,1.569270E-04,5.505201E-05,1.765120E-05,4.970394E-06,1.188937E-06,2.350163E-07,3.746516E-08
-7.21787,40.80000,0.00000,5.358465E-01,5.211769E-01,4.948150E-01,4.539764E-01,3.988501E-01,3.335079E-01,2.649344E-01,2.003413E-01,1.446154E-01,9.962348E-02,6.403939E-02,3.761556E-02,2.074148E-02,1.016738E-02,4.837544E-03,2.275405E-03,1.068349E-03,4.221761E-04,1.559622E-04,5.482387E-05,1.758278E-05,4.942773E-06,1.178073E-06,2.316116E-07,3.665656E-08
-7.21787,40.90000,0.00000,5.341568E-01,5.191177E-01,4.922673E-01,4.509226E-01,3.954280E-01,3.299955E-01,2.616462E-01,1.975060E-01,1.423245E-01,9.786424E-02,6.246885E-02,3.679524E-02,2.023078E-02,9.925297E-03,4.686286E-03,2.194872E-03,1.025808E-03,4.197170E-04,1.553592E-04,5.460624E-05,1.746857E-05,4.884733E-06,1.154500E-06,2.243110E-07,3.495312E-08
-7.21787,41.00000,0.00000,5.261929E-01,5.110911E-01,4.842368E-01,4.430562E-01,3.880167E-01,3.233842E-01,2.561089E-01,1.931483E-01,1.390831E-01,9.557261E-02,6.087809E-02,3.583950E-02,1.967404E-02,9.703853E-03,4.541687E-03,2.126584E-03,9.946604E-04,4.180020E-04,1.548724E-04,5.437675E-05,1.733777E-05,4.819078E-06,1.128403E-06,2.163517E-07,3.311871E-08
-7.21787,41.10000,0.00000,5.156565E-01,5.005857E-01,4.738826E-01,4.330944E-01,3.788029E-01,3.153070E-01,2.494461E-01,1.879772E-01,1.352920E-01,9.294517E-02,6.005042E-02,3.488802E-02,1.923265E-02,9.597548E-03,4.417857E-03,2.074259E-03,9.736524E-04,4.178377E-04,1.547660E-04,5.425783E-05,1.725340E-05,4.775172E-06,1.110924E-06,2.110590E-07,3.190967E-08
-7.21787,41.20000,0.00000,4.895603E-01,4.753127E-01,4.499861E-01,4.112527E-01,3.596955E-01,2.994338E-01,2.369643E-01,1.786785E-01,1.287272E-01,8.857815E-02,5.795065E-02,3.443708E-02,1.878140E-02,9.490999E-03,4.269274E-03,2.015090E-03,9.505412E-04,4.180912E-04,1.549052E-04,5.428452E-05,1.725077E-05,4.770930E-06,1.108927E-06,2.104316E-07,3.176524E-08
-7.21787,41.30000,0.00000,4.741660E-01,4.603286E-01,4.357325E-01,3.981398E-01,3.481693E-01,2.898517E-01,2.294678E-01,1.731531E-01,1.248743E-01,8.603060E-02,5.635503E-02,3.363348E-02,1.827463E-02,9.311998E-03,4.157991E-03,1.957165E-03,9.206188E-04,4.186098E-04,1.552871E-04,5.445786E-05,1.732908E-05,4.805485E-06,1.121982E-06,2.143157E-07,3.264523E-08
-7.21787,41.40000,0.00000,4.628583E-01,4.491316E-01,4.248049E-01,3.877539E-01,3.386922E-01,2.816521E-01,2.227882E-01,1.680281E-01,1.211589E-01,8.348483E-02,5.471403E-02,3.288913E-02,1.774647E-02,9.168323E-03,4.127438E-03,1.907991E-03,8.981875E-04,4.205087E-04,1.560331E-04,5.474715E-05,1.745580E-05,4.861511E-06,1.143205E-06,2.206411E-07,3.407794E-08
-7.21787,41.50000,0.00000,4.579973E-01,4.441114E-01,4.196405E-01,3.825726E-01,3.337431E-01,2.772368E-01,2.191439E-01,1.652367E-01,1.191500E-01,8.210500E-02,5.379815E-02,3.255332E-02,1.741060E-02,8.988588E-03,4.107117E-03,1.871910E-03,8.813955E-04,4.132876E-04,1.569293E-04,5.505583E-05,1.757703E-05,4.912280E-06,1.162107E-06,2.262444E-07,3.534658E-08
-7.21787,41.60000,0.00000,4.418452E-01,4.283333E-01,4.045475E-01,3.685841E-01,3.213273E-01,2.667852E-01,2.108384E-01,1.590013E-01,1.147199E-01,7.913485E-02,5.193636E-02,3.168290E-02,1.701200E-02,8.736937E-03,4.061386E-03,1.834233E-03,8.645150E-04,4.039469E-04,1.579520E-04,5.532835E-05,1.764884E-05,4.934518E-06,1.169396E-06,2.283294E-07,3.581362E-08
-7.21787,41.70000,0.00000,4.200572E-01,4.073211E-01,3.848309E-01,3.507673E-01,3.059735E-01,2.542607E-01,2.011899E-01,1.519750E-01,1.098771E-01,7.598761E-02,5.002404E-02,3.051841E-02,1.652383E-02,8.492467E-03,3.999579E-03,1.796779E-03,8.474232E-04,3.952979E-04,1.589143E-04,5.550524E-05,1.764899E-05,4.918834E-06,1.161570E-06,2.258301E-07,3.523711E-08
-7.21787,41.80000,0.00000,4.088821E-01,3.963063E-01,3.741642E-01,3.407408E-01,2.969495E-01,2.465746E-01,1.950328E-01,1.473341E-01,1.065740E-01,7.376529E-02,4.861508E-02,3.024772E-02,1.642538E-02,8.381185E-03,3.998213E-03,1.758913E-03,8.277463E-04,3.842926E-04,1.600486E-04,5.564434E-05,1.759993E-05,4.875343E-06,1.142540E-06,2.199531E-07,3.389673E-08
-7.21787,41.90000,0.00000,4.077219E-01,3.947694E-01,3.721477E-01,3.382633E-01,2.941916E-01,2.438320E-01,1.925952E-01,1.453709E-01,1.051056E-01,7.271660E-02,4.788639E-02,2.981286E-02,1.636388E-02,8.365558E-03,4.008655E-03,1.728739E-03,8.116822E-04,3.751091E-04,1.615598E-04,5.586299E-05,1.755888E-05,4.829573E-06,1.121911E-06,2.135445E-07,3.243460E-08
-7.21787,42.00000,0.00000,3.888097E-01,3.764273E-01,3.547934E-01,3.224052E-01,2.803339E-01,2.323365E-01,1.835699E-01,1.386580E-01,1.003705E-01,6.955982E-02,4.591503E-02,2.866844E-02,1.594247E-02,8.090684E-03,3.967864E-03,1.699176E-03,7.960782E-04,3.671055E-04,1.634918E-04,5.626688E-05,1.758803E-05,4.809780E-06,1.110211E-06,2.097037E-07,3.154317E-08
-7.21787,42.10000,0.00000,3.647598E-01,3.533588E-01,3.333259E-01,3.032110E-01,2.639806E-01,2.191298E-01,1.734771E-01,1.313520E-01,9.536171E-02,6.632409E-02,4.396290E-02,2.757370E-02,1.559042E-02,7.875806E-03,3.920990E-03,1.712525E-03,7.810126E-04,3.593274E-04,1.598836E-04,5.700867E-05,1.774204E-05,4.836406E-06,1.114438E-06,2.103992E-07,3.165991E-08
-7.21787,42.20000,0.00000,3.640370E-01,3.522453E-01,3.317018E-01,3.010707E-01,2.614804E-01,2.165489E-01,1.711076E-01,1.293859E-01,9.385203E-02,6.522416E-02,4.318937E-02,2.704547E-02,1.526778E-02,7.693597E-03,3.825082E-03,1.709114E-03,7.655874E-04,3.513003E-04,1.558461E-04,5.815639E-05,1.804181E-05,4.913952E-06,1.135351E-06,2.157435E-07,3.280332E-08
-7.11787,37.00000,0.00000,8.520171E-01,8.213139E-01,7.766122E-01,7.163951E-01,6.414749E-01,5.552508E-01,4.629797E-01,3.705756E-01,2.837686E-01,2.073682E-01,1.444919E-01,9.606111E-02,6.099263E-02,3.699299E-02,2.141443E-02,1.180976E-02,6.182425E-03,3.049312E-03,1.397834E-03,5.835968E-04,2.163523E-04,6.929364E-05,1.867292E-05,4.135400E-06,7.374979E-07
-7.11787,37.10000,0.00000,8.535395E-01,8.228583E-01,7.779337E-01,7.170783E-01,6.410502E-01,5.533775E-01,4.596015E-01,3.659367E-01,2.783377E-01,2.017295E-01,1.392259E-01,9.160843E-02,5.756440E-02,3.457374E-02,1.984549E-02,1.088109E-02,5.688970E-03,2.818952E-03,1.305248E-03,5.520768E-04,2.074327E-04,6.726797E-05,1.833503E-05,4.105554E-06,7.405578E-07
-7.11787,37.20000,0.00000,8.539550E-01,8.233169E-01,7.782019E-01,7.167515E-01,6.396373E-01,5.505062E-01,4.551914E-01,3.602433E-01,2.718457E-01,1.950194E-01,1.328608E-01,8.604961E-02,5.309597E-02,3.126756E-02,1.759071E-02,9.462885E-03,4.870503E-03,2.391687E-03,1.108124E-03,4.738651E-04,1.814378E-04,6.020720E-05,1.680837E-05,3.852417E-06,7.107130E-07
-7.11787,37.30000,0.00000,8.572766E-01,8.263918E-01,7.807949E-01,7.184349E-01,6.398700E-01,5.488428E-01,4.515117E-01,3.548368E-01,2.653077E-01,1.880443E-01,1.260809E-01,7.994791E-02,4.797984E-02,2.726514E-02,1.466794E-02,7.469408E-03,3.600240E-03,1.638411E-03,6.971845E-04,2.718344E-04,9.428744E-05,2.813337E-05,6.994659E-06,1.410443E-06,2.255824E-07
-7.11787,37.40000,0.00000,8.588617E-01,8.277976E-01,7.818016E-01,7.186430E-01,6.387570E-01,5.459685E-01,4.467672E-01,3.485590E-01,2.581495E-01,1.807381E-01,1.192543E-01,7.404785E-02,4.325686E-02,2.377179E-02,1.228187E-02,5.958397E-03,2.707944E-03,1.146740E-03,4.476779E-04,1.584820E-04,4.987641E-05,1.368486E-05,3.217467E-06,6.380014E-07,1.048382E-07
-7.11787,37.50000,0.00000,8.545672E-01,8.235043E-01,7.772679E-01,7.135056E-01,6.326230E-01,5.386202E-01,4.383540E-01,3.395863E-01,2.492917E-01,1.726230E-01,1.123417E-01,6.858432E-02,3.926678E-02,2.108635E-02,1.061523E-02,5.002600E-03,2.202320E-03,9.027419E-04,3.426441E-04,1.193455E-04,3.763545E-05,1.055017E-05,2.570262E-06,5.307446E-07,9.052351E-08
-7.11787,37.60000,0.00000,8.905824E-01,8.823543E-01,8.660109E-01,8.368019E-01,7.893239E-01,7.194474E-01,6.275639E-01,5.204968E-01,4.092457E-01,3.041416E-01,2.121309E-01,1.372631E-01,8.144299E-02,4.402526E-02,2.169741E-02,9.791702E-03,4.049454E-03,1.523123E-03,5.144674E-04,1.546401E-04,4.135385E-05,9.869400E-06,2.088906E-06,3.830715E-07,5.871811E-08
-7.11787,37.70000,0.00000,8.946232E-01,8.863499E-01,8.699400E-01,8.405874E-01,7.927597E-01,7.221702E-01,6.291691E-01,5.207800E-01,4.083408E-01,3.024217E-01,2.100143E-01,1.351096E-01,7.953634E-02,4.254981E-02,2.070608E-02,9.217471E-03,3.764125E-03,1.401865E-03,4.703150E-04,1.407128E-04,3.746069E-05,8.880887E-06,1.859574E-06,3.357651E-07,5.040175E-08
-7.11787,37.80000,0.00000,8.947268E-01,8.863697E-01,8.697991E-01,8.401521E-01,7.918213E-01,7.204779E-01,6.265602E-01,5.173495E-01,4.044658E-01,2.985820E-01,2.065867E-01,1.323005E-01,7.741562E-02,4.109226E-02,1.981121E-02,8.735739E-03,3.540337E-03,1.313491E-03,4.411556E-04,1.328164E-04,3.571690E-05,8.550025E-06,1.795221E-06,3.210180E-07,4.703544E-08
-7.11787,37.90000,0.00000,8.924520E-01,8.839571E-01,8.671175E-01,8.370084E-01,7.879745E-01,7.157221E-01,6.208746E-01,5.110196E-01,3.980406E-01,2.926380E-01,2.015290E-01,1.283064E-01,7.448970E-02,3.912677E-02,1.862349E-02,8.104159E-03,3.251622E-03,1.203207E-03,4.076188E-04,1.256977E-04,3.530306E-05,9.009481E-06,2.049444E-06,4.006285E-07,6.451734E-08
-7.11787,38.00000,0.00000,8.880968E-01,8.794658E-01,8.623438E-01,8.317519E-01,7.820275E-01,7.089784E-01,6.134673E-01,5.033855E-01,3.907923E-01,2.863199E-01,1.964360E-01,1.244819E-01,7.181309E-02,3.739905E-02,1.761344E-02,7.579885E-03,3.013948E-03,1.109900E-03,3.756821E-04,1.158432E-04,3.240173E-05,8.168354E-06,1.819483E-06,3.460979E-07,5.404592E-08
-7.11787,38.10000,0.00000,8.897665E-01,8.810230E-01,8.637180E-01,8.328356E-01,7.826676E-01,7.090139E-01,6.128320E-01,5.021905E-01,3.892829E-01,2.847332E-01,1.949350E-01,1.231805E-01,7.080144E-02,3.671749E-02,1.722706E-02,7.400507E-03,2.948105E-03,1.092216E-03,3.730884E-04,1.161965E-04,3.274708E-05,8.267594E-06,1.828363E-06,3.421663E-07,5.212745E-08
-7.11787,38.20000,0.00000,8.903411E-01,8.814589E-01,8.639175E-01,8.326663E-01,7.819703E-01,7.076689E-01,6.108646E-01,4.998219E-01,3.868342E-01,2.824703E-01,1.930077E-01,1.216614E-01,6.971791E-02,3.604249E-02,1.687355E-02,7.251368E-03,2.901160E-03,1.083795E-03,3.743209E-04,1.179776E-04,3.360297E-05,8.540491E-06,1.889855E-06,3.514489E-07,5.283773E-08
-7.11787,38.30000,0.00000,8.881775E-01,8.791135E-01,8.612527E-01,8.295119E-01,7.781835E-01,7.032441E-01,6.060302E-01,4.950052E-01,3.824681E-01,2.788369E-01,1.902143E-01,1.196910E-01,6.846935E-02,3.535046E-02,1.634660E-02,6.659541E-03,2.582688E-03,9.779362E-04,3.646025E-04,1.177459E-04,3.358793E-05,8.529496E-06,1.880783E-06,3.475878E-07,5.179115E-08
-7.11787,38.40000,0.00000,8.812473E-01,8.719226E-01,8.535714E-01,8.210641E-01,7.687685E-01,6.929162E-01,5.952280E-01,4.844605E-01,3.729288E-01,2.708237E-01,1.839413E-01,1.151205E-01,6.538569E-02,3.343684E-02,1.544079E-02,6.301931E-03,2.454732E-03,9.346051E-04,3.410792E-04,1.096398E-04,3.195206E-05,8.284588E-06,1.857140E-06,3.473486E-07,5.225758E-08
-7.11787,38.50000,0.00000,8.793382E-01,8.698341E-01,8.511763E-01,8.182252E-01,7.654018E-01,6.890962E-01,5.912413E-01,4.806975E-01,3.696909E-01,2.682286E-01,1.819807E-01,1.137453E-01,6.452046E-02,3.296505E-02,1.480575E-02,6.056824E-03,2.371420E-03,9.082881E-04,3.383630E-04,1.090167E-04,3.188253E-05,8.309724E-06,1.876092E-06,3.541722E-07,5.392617E-08
-7.11787,38.60000,0.00000,8.757285E-01,8.660071E-01,8.469727E-01,8.134708E-01,7.600086E-01,6.831840E-01,5.851942E-01,4.750267E-01,3.648057E-01,2.643265E-01,1.790931E-01,1.117965E-01,6.335200E-02,3.206634E-02,1.414947E-02,5.814383E-03,2.291596E-03,8.836074E-04,3.344181E-04,1.082468E-04,3.179690E-05,8.336486E-06,1.896500E-06,3.614443E-07,5.568764E-08
-7.11787,38.70000,0.00000,8.771297E-01,8.672184E-01,8.478904E-01,8.139793E-01,7.600242E-01,6.827224E-01,5.844051E-01,4.741310E-01,3.639409E-01,2.635235E-01,1.783572E-01,1.111770E-01,6.263801E-02,3.027037E-02,1.329109E-02,5.440052E-03,2.139623E-03,8.257463E-04,3.138066E-04,1.077672E-04,3.172415E-05,8.343913E-06,1.905954E-06,3.650357E-07,5.656844E-08
-7.11787,38.80000,0.00000,8.734748E-01,8.633037E-01,8.435304E-01,8.089792E-01,7.542829E-01,6.763651E-01,5.778308E-01,4.678748E-01,3.584308E-01,2.589843E-01,1.748621E-01,1.077989E-01,5.761284E-02,2.759841E-02,1.198780E-02,4.848997E-03,1.892248E-03,7.329750E-04,2.837621E-04,1.044915E-04,3.102977E-05,8.223128E-06,1.887036E-06,3.619731E-07,5.605547E-08
-7.11787,38.90000,0.00000,8.679374E-01,8.575113E-01,8.372977E-01,8.021190E-01,7.467342E-01,6.683303E-01,5.697987E-01,4.604333E-01,3.520157E-01,2.537891E-01,1.709023E-01,1.051536E-01,5.598813E-02,2.674718E-02,1.161195E-02,4.708833E-03,1.847486E-03,7.204730E-04,2.806300E-04,9.980953E-05,2.999886E-05,8.022291E-06,1.847193E-06,3.534892E-07,5.436592E-08
-7.11787,39.00000,0.00000,8.586583E-01,8.479508E-01,8.272336E-01,7.913411E-01,7.352101E-01,6.563833E-01,5.581188E-01,4.498354E-01,3.431241E-01,2.468995E-01,1.657440E-01,9.812076E-02,5.232963E-02,2.510851E-02,1.098401E-02,4.503059E-03,1.789679E-03,7.067849E-04,2.782500E-04,9.853365E-05,2.965768E-05,7.920983E-06,1.815158E-06,3.443977E-07,5.231858E-08
-7.11787,39.10000,0.00000,8.575715E-01,8.466385E-01,8.255586E-01,7.891677E-01,7.324780E-01,6.532009E-01,5.547904E-01,4.467266E-01,3.404835E-01,2.448028E-01,1.624556E-01,9.581629E-02,5.091009E-02,2.435785E-02,1.064579E-02,4.372109E-03,1.745433E-03,6.938690E-04,2.754459E-04,9.793938E-05,2.946964E-05,7.856484E-06,1.793241E-06,3.380259E-07,5.087264E-08
-7.11787,39.20000,0.00000,8.577851E-01,8.466027E-01,8.251252E-01,7.881774E-01,7.308199E-01,6.509141E-01,5.521115E-01,4.439955E-01,3.379809E-01,2.385225E-01,1.539670E-01,9.069797E-02,4.820758E-02,2.310293E-02,1.012181E-02,4.167698E-03,1.667596E-03,6.640428E-04,2.638325E-04,9.735102E-05,2.935361E-05,7.837722E-06,1.790709E-06,3.377128E-07,5.083549E-08
-7.11787,39.30000,0.00000,8.462486E-01,8.347527E-01,8.127191E-01,7.749888E-01,7.168266E-01,6.364829E-01,5.380006E-01,4.310891E-01,3.269666E-01,2.287320E-01,1.469243E-01,8.612885E-02,4.555633E-02,2.172158E-02,9.464553E-03,3.876721E-03,1.547178E-03,6.180453E-04,2.478241E-04,9.055790E-05,2.805489E-05,7.675459E-06,1.788186E-06,3.428099E-07,5.245480E-08
-7.11787,39.40000,0.00000,8.371366E-01,8.253692E-01,8.028603E-01,7.644740E-01,7.056488E-01,6.249654E-01,5.266810E-01,4.109107E-01,3.021411E-01,2.085319E-01,1.336505E-01,7.840504E-02,4.164376E-02,2.001544E-02,8.826223E-03,3.670273E-03,1.487725E-03,6.015960E-04,2.428839E-04,9.008958E-05,2.810949E-05,7.755298E-06,1.826931E-06,3.555437E-07,5.550961E-08
-7.11787,39.50000,0.00000,8.377713E-01,8.257537E-01,8.028484E-01,7.638994E-01,7.043954E-01,6.230544E-01,5.180194E-01,4.031394E-01,2.958212E-01,2.037922E-01,1.303527E-01,7.629877E-02,4.043468E-02,1.940347E-02,8.555677E-03,3.565133E-03,1.450666E-03,5.889855E-04,2.384838E-04,9.001117E-05,2.824540E-05,7.852770E-06,1.870397E-06,3.696697E-07,5.891800E-08
-7.11787,39.60000,0.00000,8.313196E-01,8.190159E-01,7.956238E-01,7.559987E-01,6.957586E-01,6.139021E-01,5.057657E-01,3.919739E-01,2.865371E-01,1.967181E-01,1.254455E-01,7.324636E-02,3.875434E-02,1.858626E-02,8.199571E-03,3.422070E-03,1.395537E-03,5.677785E-04,2.301965E-04,8.681076E-05,2.770840E-05,7.822905E-06,1.889340E-06,3.786638E-07,6.131088E-08
-7.11787,39.70000,0.00000,8.305951E-01,8.180296E-01,7.942123E-01,7.539898E-01,6.843347E-01,5.907226E-01,4.824318E-01,3.720934E-01,2.709979E-01,1.855560E-01,1.181123E-01,6.887855E-02,3.640936E-02,1.744761E-02,7.693197E-03,3.212769E-03,1.314844E-03,5.391840E-04,2.211362E-04,8.622974E-05,2.762367E-05,7.819935E-06,1.892791E-06,3.802130E-07,6.172746E-08
-7.11787,39.80000,0.00000,8.047038E-01,7.885136E-01,7.585575E-01,7.095094E-01,6.381477E-01,5.464371E-01,4.428578E-01,3.393602E-01,2.459561E-01,1.679167E-01,1.068207E-01,6.243124E-02,3.318457E-02,1.605328E-02,7.176315E-03,3.049257E-03,1.270939E-03,5.295865E-04,2.198881E-04,8.497361E-05,2.733447E-05,7.743140E-06,1.869092E-06,3.732871E-07,6.008840E-08
-7.11787,39.90000,0.00000,8.020027E-01,7.852728E-01,7.545206E-01,7.044874E-01,6.321759E-01,5.398877E-01,4.363534E-01,3.334865E-01,2.410518E-01,1.640763E-01,1.040078E-01,6.054424E-02,3.205787E-02,1.546977E-02,6.918748E-03,2.953287E-03,1.241254E-03,5.229776E-04,2.203389E-04,8.194941E-05,2.660132E-05,7.563372E-06,1.821218E-06,3.607173E-07,5.727652E-08
-7.11787,40.00000,0.00000,7.761660E-01,7.588376E-01,7.272458E-01,6.764605E-01,6.041400E-01,5.132625E-01,4.127559E-01,3.140721E-01,2.262158E-01,1.535819E-01,9.721840E-02,5.659525E-02,3.002165E-02,1.454290E-02,6.542957E-03,2.814261E-03,1.192356E-03,5.059754E-04,2.148333E-04,8.040808E-05,2.614745E-05,7.426418E-06,1.780246E-06,3.497104E-07,5.484950E-08
-7.11787,40.10000,0.00000,7.395279E-01,7.219067E-01,6.899868E-01,6.392486E-01,5.680509E-01,4.799762E-01,3.839503E-01,2.907756E-01,2.086172E-01,1.412428E-01,8.931247E-02,5.205961E-02,2.773342E-02,1.353890E-02,6.161453E-03,2.688501E-03,1.155709E-03,4.955130E-04,2.107468E-04,7.870767E-05,2.576565E-05,7.358366E-06,1.771012E-06,3.488215E-07,5.480014E-08
-7.11787,40.20000,0.00000,7.180784E-01,7.001807E-01,6.679552E-01,6.171598E-01,5.465825E-01,4.601805E-01,3.668684E-01,2.770340E-01,1.983024E-01,1.340398E-01,8.468961E-02,4.938170E-02,2.635780E-02,1.292072E-02,5.921260E-03,2.609224E-03,1.133930E-03,4.899420E-04,2.061634E-04,7.493989E-05,2.476757E-05,7.154766E-06,1.746433E-06,3.499752E-07,5.614075E-08
-7.11787,40.30000,0.00000,6.914052E-01,6.734406E-01,6.412728E-01,5.909585E-01,5.217199E-01,4.377977E-01,3.479689E-01,2.621020E-01,1.872565E-01,1.264218E-01,7.985724E-02,4.661445E-02,2.495157E-02,1.229439E-02,5.679283E-03,2.529604E-03,1.112513E-03,4.854633E-04,1.884066E-04,6.643297E-05,2.106107E-05,5.760959E-06,1.314148E-06,2.431023E-07,3.557604E-08
-7.11787,40.40000,0.00000,6.395208E-01,6.223480E-01,5.915885E-01,5.437157E-01,4.784074E-01,4.009180E-01,3.181858E-01,2.394406E-01,1.712077E-01,1.160130E-01,7.388513E-02,4.378106E-02,2.355051E-02,1.142396E-02,5.334500E-03,2.415881E-03,1.080251E-03,4.728925E-04,1.752190E-04,6.112578E-05,1.924094E-05,5.257217E-06,1.207303E-06,2.267996E-07,3.399993E-08
-7.11787,40.50000,0.00000,6.234686E-01,6.065240E-01,5.768632E-01,5.298901E-01,4.661535E-01,3.900918E-01,3.085617E-01,2.319065E-01,1.651195E-01,1.120204E-01,7.129094E-02,4.198137E-02,2.269110E-02,1.098465E-02,5.128523E-03,2.329470E-03,1.044916E-03,4.474544E-04,1.642598E-04,5.701926E-05,1.797819E-05,4.955292E-06,1.155182E-06,2.213963E-07,3.399746E-08
-7.11787,40.60000,0.00000,6.200991E-01,6.025573E-01,5.714377E-01,5.235090E-01,4.588499E-01,3.821109E-01,3.015362E-01,2.257209E-01,1.604561E-01,1.082162E-01,6.888884E-02,4.055542E-02,2.173989E-02,1.065217E-02,4.995539E-03,2.270705E-03,1.021756E-03,4.284518E-04,1.573037E-04,5.485081E-05,1.744916E-05,4.868627E-06,1.151386E-06,2.241769E-07,3.502296E-08
-7.11787,40.70000,0.00000,5.933463E-01,5.762618E-01,5.463452E-01,5.009121E-01,4.395117E-01,3.659143E-01,2.881825E-01,2.155245E-01,1.535923E-01,1.036429E-01,6.588940E-02,3.876609E-02,2.078453E-02,1.023825E-02,4.828265E-03,2.209625E-03,1.002743E-03,4.161576E-04,1.537341E-04,5.399439E-05,1.729977E-05,4.858250E-06,1.155748E-06,2.263394E-07,3.558062E-08
-7.11787,40.80000,0.00000,5.343495E-01,5.194799E-01,4.928103E-01,4.515858E-01,3.960818E-01,3.304941E-01,2.619034E-01,1.975361E-01,1.422090E-01,9.769078E-02,6.296340E-02,3.660380E-02,2.006967E-02,9.918709E-03,4.593513E-03,2.129274E-03,9.789149E-04,4.143662E-04,1.537521E-04,5.418206E-05,1.738227E-05,4.876485E-06,1.156716E-06,2.255621E-07,3.527320E-08
-7.11787,40.90000,0.00000,5.339339E-01,5.186636E-01,4.914610E-01,4.496711E-01,3.937234E-01,3.279514E-01,2.594720E-01,1.954275E-01,1.405023E-01,9.636991E-02,6.124366E-02,3.595743E-02,1.965445E-02,9.685733E-03,4.472793E-03,2.069483E-03,9.520610E-04,4.139958E-04,1.539771E-04,5.426807E-05,1.736881E-05,4.849056E-06,1.141792E-06,2.204984E-07,3.406216E-08
-7.11787,41.00000,0.00000,5.207920E-01,5.056512E-01,4.787490E-01,4.375528E-01,3.826058E-01,3.182574E-01,2.514940E-01,1.892336E-01,1.359607E-01,9.323119E-02,5.965176E-02,3.475923E-02,1.905754E-02,9.487353E-03,4.333325E-03,2.010691E-03,9.293351E-04,4.132183E-04,1.538300E-04,5.415934E-05,1.728121E-05,4.799264E-06,1.121236E-06,2.142011E-07,3.262272E-08
-7.11787,41.10000,0.00000,5.055944E-01,4.907205E-01,4.643396E-01,4.240429E-01,3.704583E-01,3.079025E-01,2.431730E-01,1.829275E-01,1.314407E-01,9.017274E-02,5.878066E-02,3.412094E-02,1.878513E-02,9.364804E-03,4.216799E-03,1.964886E-03,9.131953E-04,4.123101E-04,1.536022E-04,5.404920E-05,1.721482E-05,4.765318E-06,1.107801E-06,2.101500E-07,3.170319E-08
-7.11787,41.20000,0.00000,4.932706E-01,4.785501E-01,4.525120E-01,4.128724E-01,3.603452E-01,2.992320E-01,2.361754E-01,1.776073E-01,1.276169E-01,8.757365E-02,5.711797E-02,3.346426E-02,1.834103E-02,9.210360E-03,4.107204E-03,1.920335E-03,8.967569E-04,4.121775E-04,1.536975E-04,5.409044E-05,1.722750E-05,4.769414E-06,1.109152E-06,2.105373E-07,3.179110E-08
-7.11787,41.30000,0.00000,4.732828E-01,4.592177E-01,4.342934E-01,3.963174E-01,3.460048E-01,2.874946E-01,2.271337E-01,1.710427E-01,1.231118E-01,8.465448E-02,5.534109E-02,3.308269E-02,1.782504E-02,9.134769E-03,4.073785E-03,1.875826E-03,8.777569E-04,4.132262E-04,1.541551E-04,5.428932E-05,1.732249E-05,4.813059E-06,1.125924E-06,2.155739E-07,3.293868E-08
-7.11787,41.40000,0.00000,4.604881E-01,4.466525E-01,4.221792E-01,3.849858E-01,3.358552E-01,2.788874E-01,2.202637E-01,1.658764E-01,1.194394E-01,8.218509E-02,5.377725E-02,3.216752E-02,1.733836E-02,8.921546E-03,4.027772E-03,1.835624E-03,8.612260E-04,4.077340E-04,1.548768E-04,5.459895E-05,1.746922E-05,4.880470E-06,1.151911E-06,2.234211E-07,3.473921E-08
-7.11787,41.50000,0.00000,4.439373E-01,4.304930E-01,4.067330E-01,3.706847E-01,3.231780E-01,2.682314E-01,2.118100E-01,1.595431E-01,1.149512E-01,7.918628E-02,5.190592E-02,3.184608E-02,1.698005E-02,8.675569E-03,4.012421E-03,1.800538E-03,8.468305E-04,3.994122E-04,1.556723E-04,5.490993E-05,1.760965E-05,4.944081E-06,1.176455E-06,2.308691E-07,3.646103E-08
-7.11787,41.60000,0.00000,4.312489E-01,4.180386E-01,3.947478E-01,3.595117E-01,3.132203E-01,2.598429E-01,2.051655E-01,1.545913E-01,1.114670E-01,7.687069E-02,5.045919E-02,3.120985E-02,1.670367E-02,8.498956E-03,3.978503E-03,1.769879E-03,8.321568E-04,3.890939E-04,1.562998E-04,5.511681E-05,1.768783E-05,4.976723E-06,1.188839E-06,2.346392E-07,3.734189E-08
-7.11787,41.70000,0.00000,4.170343E-01,4.041896E-01,3.815635E-01,3.473865E-01,3.025753E-01,2.510089E-01,1.982657E-01,1.495155E-01,1.079402E-01,7.455732E-02,4.903256E-02,2.981745E-02,1.611524E-02,8.279037E-03,3.896996E-03,1.739479E-03,8.170270E-04,3.791777E-04,1.568555E-04,5.521388E-05,1.768454E-05,4.966490E-06,1.184007E-06,2.331326E-07,3.699961E-08
-7.11787,41.80000,0.00000,4.062698E-01,3.936198E-01,3.713914E-01,3.379112E-01,2.941507E-01,2.439429E-01,1.927094E-01,1.454152E-01,1.050853E-01,7.267226E-02,4.785056E-02,2.979060E-02,1.612632E-02,8.234546E-03,3.915158E-03,1.710975E-03,8.026637E-04,3.705440E-04,1.577079E-04,5.527236E-05,1.762205E-05,4.922654E-06,1.165435E-06,2.273771E-07,3.566509E-08
-7.11787,41.90000,0.00000,3.924714E-01,3.801353E-01,3.584965E-01,3.259799E-01,2.835966E-01,2.351055E-01,1.857396E-01,1.402350E-01,1.014465E-01,7.025585E-02,4.634134E-02,2.849895E-02,1.558818E-02,7.991881E-03,3.849542E-03,1.681784E-03,7.886184E-04,3.625568E-04,1.585680E-04,5.533688E-05,1.755110E-05,4.871786E-06,1.143673E-06,2.206011E-07,3.408769E-08
-7.11787,42.00000,0.00000,3.742579E-01,3.624936E-01,3.418393E-01,3.108023E-01,2.703789E-01,2.241808E-01,1.771929E-01,1.338987E-01,9.698921E-02,6.729095E-02,4.449317E-02,2.784261E-02,1.552589E-02,7.878315E-03,3.857643E-03,1.650428E-03,7.743695E-04,3.552554E-04,1.571316E-04,5.555189E-05,1.754070E-05,4.846110E-06,1.131282E-06,2.166216E-07,3.315164E-08
-7.11787,42.10000,0.00000,3.622849E-01,3.507988E-01,3.306645E-01,3.004729E-01,2.612511E-01,2.165432E-01,1.711770E-01,1.294417E-01,9.387895E-02,6.524515E-02,4.322501E-02,2.687345E-02,1.492483E-02,7.680484E-03,3.784701E-03,1.636858E-03,7.611092E-04,3.485114E-04,1.538900E-04,5.601134E-05,1.764145E-05,4.868257E-06,1.136856E-06,2.180481E-07,3.346466E-08
-7.11787,42.20000,0.00000,3.467404E-01,3.357399E-01,3.164425E-01,2.875091E-01,2.499521E-01,2.071916E-01,1.638491E-01,1.240026E-01,9.004983E-02,6.269282E-02,4.162285E-02,2.615368E-02,1.480561E-02,7.440923E-03,3.729909E-03,1.652663E-03,7.471222E-04,3.420974E-04,1.510897E-04,5.688397E-05,1.788375E-05,4.943796E-06,1.161595E-06,2.252032E-07,3.511041E-08
-7.01787,36.90000,0.00000,8.447520E-01,8.130361E-01,7.675315E-01,7.071224E-01,6.328725E-01,5.481037E-01,4.577131E-01,3.672284E-01,2.820824E-01,2.069042E-01,1.447400E-01,9.656949E-02,6.147249E-02,3.733010E-02,2.160115E-02,1.188079E-02,6.183722E-03,3.023738E-03,1.373037E-03,5.688653E-04,2.099680E-04,6.713890E-05,1.808092E-05,3.998635E-06,7.107644E-07
-7.01787,37.00000,0.00000,8.480724E-01,8.163621E-01,7.705874E-01,7.094638E-01,6.340197E-01,5.477430E-01,4.558182E-01,3.640534E-01,2.780887E-01,2.026533E-01,1.407659E-01,9.324976E-02,5.896306E-02,3.559596E-02,2.050413E-02,1.125182E-02,5.862768E-03,2.880534E-03,1.317815E-03,5.505721E-04,2.047699E-04,6.586773E-05,1.780986E-05,3.947477E-06,7.021960E-07
-7.01787,37.10000,0.00000,8.488501E-01,8.172285E-01,7.712843E-01,7.095691E-01,6.330698E-01,5.454245E-01,4.521061E-01,3.592052E-01,2.725674E-01,1.970288E-01,1.355978E-01,8.895102E-02,5.571049E-02,3.334243E-02,1.907107E-02,1.042293E-02,5.436132E-03,2.690632E-03,1.246738E-03,5.287104E-04,1.993633E-04,6.484076E-05,1.768486E-05,3.949327E-06,7.078501E-07
-7.01787,37.20000,0.00000,8.481579E-01,8.165821E-01,7.704180E-01,7.080611E-01,6.304644E-01,5.414335E-01,4.467548E-01,3.528149E-01,2.656351E-01,1.901116E-01,1.292246E-01,8.353768E-02,5.147929E-02,3.029684E-02,1.704731E-02,9.181661E-03,4.738438E-03,2.337510E-03,1.090099E-03,4.697512E-04,1.811578E-04,6.038382E-05,1.685549E-05,3.840809E-06,7.003839E-07
-7.01787,37.30000,0.00000,8.485276E-01,8.168504E-01,7.703205E-01,7.071623E-01,6.282652E-01,5.375830E-01,4.412459E-01,3.460116E-01,2.581403E-01,1.825707E-01,1.221875E-01,7.739205E-02,4.643797E-02,2.641226E-02,1.423969E-02,7.280494E-03,3.532965E-03,1.624012E-03,7.005948E-04,2.784170E-04,9.937338E-05,3.098443E-05,8.213182E-06,1.803786E-06,3.203017E-07
-7.01787,37.40000,0.00000,8.507339E-01,8.188075E-01,7.717801E-01,7.076945E-01,6.273416E-01,5.347934E-01,4.365394E-01,3.397803E-01,2.510643E-01,1.753830E-01,1.155002E-01,7.163289E-02,4.184029E-02,2.301715E-02,1.192065E-02,5.808116E-03,2.658331E-03,1.137705E-03,4.505665E-04,1.623620E-04,5.213679E-05,1.460245E-05,3.496828E-06,7.030816E-07,1.165537E-07
-7.01787,37.50000,0.00000,8.514748E-01,8.193095E-01,7.717957E-01,7.068177E-01,6.250944E-01,5.308527E-01,4.309576E-01,3.330211E-01,2.438364E-01,1.684034E-01,1.093336E-01,6.662169E-02,3.809495E-02,2.044408E-02,1.029325E-02,4.857863E-03,2.146226E-03,8.851645E-04,3.387385E-04,1.190211E-04,3.782445E-05,1.066863E-05,2.613142E-06,5.428832E-07,9.332312E-08
-7.01787,37.60000,0.00000,8.526855E-01,8.201812E-01,7.721028E-01,7.061806E-01,6.230448E-01,5.270557E-01,4.254602E-01,3.263464E-01,2.367902E-01,1.617725E-01,1.036677E-01,6.217639E-02,3.488341E-02,1.831477E-02,9.005271E-03,4.151214E-03,1.796971E-03,7.313624E-04,2.793782E-04,9.931620E-05,3.227486E-05,9.341279E-06,2.337270E-06,4.911590E-07,8.444324E-08
-7.01787,37.70000,0.00000,8.891357E-01,8.806035E-01,8.637146E-01,8.336208E-01,7.848625E-01,7.134106E-01,6.199976E-01,5.119227E-01,4.004924E-01,2.960084E-01,2.051630E-01,1.317311E-01,7.739483E-02,4.132508E-02,2.007319E-02,8.917827E-03,3.631499E-03,1.346428E-03,4.487472E-04,1.331968E-04,3.522442E-05,8.338307E-06,1.756928E-06,3.214432E-07,4.909136E-08
-7.01787,37.80000,0.00000,8.874082E-01,8.787701E-01,8.616639E-01,8.311746E-01,7.817757E-01,7.094333E-01,6.150261E-01,5.061570E-01,3.944361E-01,2.902425E-01,2.001230E-01,1.276339E-01,7.429274E-02,3.916425E-02,1.871553E-02,8.163287E-03,3.266145E-03,1.193522E-03,3.933153E-04,1.155089E-04,3.012359E-05,6.984558E-06,1.430516E-06,2.528711E-07,3.713628E-08
-7.01787,37.90000,0.00000,8.871378E-01,8.783844E-01,8.610591E-01,8.301861E-01,7.801701E-01,7.069704E-01,6.116033E-01,5.019550E-01,3.898816E-01,2.858109E-01,1.961696E-01,1.243661E-01,7.180365E-02,3.744545E-02,1.765893E-02,7.594394E-03,3.001905E-03,1.089384E-03,3.591619E-04,1.063713E-04,2.814589E-05,6.623214E-06,1.364946E-06,2.389341E-07,3.410902E-08
-7.01787,38.00000,0.00000,8.869648E-01,8.780962E-01,8.605579E-01,8.293247E-01,7.787544E-01,7.048208E-01,6.086879E-01,4.984895E-01,3.862727E-01,2.824584E-01,1.933283E-01,1.221446E-01,7.021227E-02,3.642303E-02,1.708581E-02,7.322000E-03,2.896239E-03,1.058684E-03,3.547089E-04,1.080646E-04,2.988598E-05,7.473831E-06,1.656401E-06,3.134109E-07,4.847943E-08
-7.01787,38.10000,0.00000,8.886402E-01,8.796473E-01,8.618987E-01,8.303189E-01,7.792009E-01,7.044986E-01,6.074917E-01,4.965592E-01,3.839567E-01,2.801234E-01,1.912305E-01,1.204288E-01,6.894941E-02,3.561165E-02,1.664690E-02,6.994652E-03,2.657152E-03,9.790586E-04,3.563793E-04,1.112489E-04,3.135216E-05,7.920187E-06,1.749909E-06,3.258336E-07,4.910404E-08
-7.01787,38.20000,0.00000,8.822716E-01,8.730631E-01,8.548974E-01,8.226510E-01,7.706707E-01,6.951323E-01,5.976731E-01,4.869786E-01,3.753545E-01,2.730218E-01,1.858242E-01,1.166337E-01,6.650367E-02,3.417860E-02,1.589503E-02,6.580987E-03,2.510168E-03,9.338578E-04,3.440761E-04,1.111895E-04,3.204625E-05,8.229860E-06,1.830714E-06,3.400152E-07,5.074687E-08
-7.01787,38.30000,0.00000,8.823750E-01,8.730238E-01,8.546180E-01,8.220071E-01,7.695387E-01,6.934648E-01,5.955849E-01,4.847300E-01,3.732173E-01,2.711548E-01,1.842849E-01,1.154459E-01,6.567984E-02,3.368834E-02,1.536708E-02,6.175222E-03,2.352659E-03,8.731922E-04,3.196703E-04,1.118445E-04,3.228617E-05,8.281757E-06,1.835725E-06,3.391465E-07,5.027120E-08
-7.01787,38.40000,0.00000,8.795658E-01,8.700087E-01,8.512335E-01,8.180500E-01,7.648374E-01,6.880022E-01,5.896124E-01,4.787276E-01,3.676902E-01,2.664494E-01,1.805460E-01,1.126794E-01,6.379832E-02,3.253141E-02,1.463804E-02,5.879913E-03,2.246869E-03,8.378698E-04,3.080943E-04,1.080261E-04,3.155603E-05,8.189639E-06,1.833941E-06,3.418577E-07,5.113352E-08
-7.01787,38.50000,0.00000,8.766258E-01,8.668572E-01,8.477138E-01,8.139858E-01,7.601150E-01,6.826977E-01,5.840639E-01,4.734355E-01,3.630769E-01,2.627374E-01,1.777792E-01,1.107930E-01,6.265296E-02,3.192825E-02,1.400957E-02,5.641139E-03,2.167925E-03,8.143259E-04,3.015307E-04,1.075815E-04,3.155699E-05,8.238468E-06,1.860151E-06,3.506046E-07,5.320983E-08
-7.01787,38.60000,0.00000,8.739203E-01,8.639436E-01,8.444463E-01,8.102012E-01,7.557294E-01,6.778195E-01,5.790471E-01,4.687455E-01,3.590746E-01,2.595725E-01,1.754491E-01,1.092229E-01,6.171463E-02,3.008381E-02,1.304299E-02,5.240622E-03,2.016042E-03,7.619570E-04,2.855353E-04,1.057936E-04,3.161882E-05,8.306421E-06,1.892147E-06,3.609046E-07,5.563273E-08
-7.01787,38.70000,0.00000,8.732206E-01,8.630230E-01,8.431634E-01,8.084021E-01,7.533112E-01,6.748253E-01,5.757182E-01,4.654299E-01,3.560454E-01,2.569614E-01,1.733059E-01,1.075782E-01,6.014308E-02,2.877418E-02,1.246022E-02,5.010870E-03,1.932717E-03,7.326597E-04,2.750655E-04,1.019117E-04,3.113161E-05,8.269083E-06,1.904173E-06,3.672207E-07,5.730794E-08
-7.01787,38.80000,0.00000,8.664541E-01,8.559939E-01,8.356644E-01,8.002262E-01,7.443871E-01,6.653777E-01,5.662954E-01,4.567078E-01,3.485386E-01,2.509139E-01,1.687516E-01,1.044037E-01,5.573564E-02,2.640557E-02,1.129805E-02,4.483104E-03,1.712404E-03,6.506115E-04,2.488530E-04,9.495494E-05,3.023982E-05,8.133788E-06,1.890464E-06,3.668893E-07,5.753729E-08
-7.01787,38.90000,0.00000,8.655527E-01,8.548634E-01,8.341644E-01,7.982092E-01,7.417725E-01,6.622522E-01,5.629434E-01,4.534988E-01,3.457378E-01,2.486291E-01,1.670019E-01,1.018996E-01,5.386835E-02,2.547400E-02,1.090425E-02,4.342614E-03,1.670046E-03,6.399601E-04,2.468184E-04,9.479927E-05,3.003618E-05,8.073139E-06,1.871669E-06,3.616293E-07,5.635632E-08
-7.01787,39.00000,0.00000,8.586721E-01,8.477215E-01,8.265679E-01,7.899756E-01,7.328737E-01,6.529658E-01,5.538591E-01,4.452884E-01,3.388862E-01,2.433318E-01,1.611402E-01,9.486424E-02,5.022097E-02,2.385007E-02,1.028641E-02,4.141839E-03,1.621872E-03,6.277823E-04,2.455482E-04,9.552711E-05,2.972404E-05,7.981803E-06,1.842859E-06,3.533685E-07,5.446377E-08
-7.01787,39.10000,0.00000,8.601409E-01,8.489611E-01,8.274537E-01,7.903684E-01,7.326723E-01,6.521854E-01,5.526749E-01,4.439608E-01,3.376020E-01,2.421717E-01,1.577614E-01,9.253882E-02,4.881467E-02,2.312005E-02,9.964419E-03,4.021015E-03,1.583248E-03,6.183998E-04,2.452534E-04,9.756011E-05,2.955186E-05,7.923098E-06,1.822707E-06,3.473718E-07,5.306087E-08
-7.01787,39.20000,0.00000,8.461335E-01,8.346293E-01,8.125336E-01,7.746292E-01,7.161298E-01,6.353067E-01,5.363586E-01,4.291978E-01,3.251427E-01,2.299734E-01,1.475065E-01,8.623642E-02,4.537314E-02,2.142905E-02,9.196555E-03,3.690712E-03,1.441546E-03,5.678019E-04,2.283959E-04,9.082929E-05,2.815780E-05,7.711114E-06,1.799876E-06,3.460949E-07,5.317672E-08
-7.01787,39.30000,0.00000,8.440657E-01,8.323076E-01,8.097977E-01,7.713172E-01,7.121663E-01,6.308143E-01,5.316868E-01,4.247881E-01,3.203551E-01,2.213514E-01,1.416626E-01,8.267861E-02,4.346394E-02,2.053913E-02,8.837641E-03,3.563848E-03,1.400643E-03,5.545937E-04,2.232697E-04,8.982383E-05,2.820460E-05,7.769210E-06,1.827991E-06,3.554113E-07,5.543328E-08
-7.01787,39.40000,0.00000,8.357838E-01,8.237628E-01,8.007981E-01,7.616978E-01,7.019327E-01,6.202863E-01,5.214899E-01,4.068564E-01,2.982072E-01,2.050605E-01,1.308252E-01,7.627636E-02,4.016743E-02,1.907925E-02,8.285044E-03,3.388663E-03,1.354371E-03,5.404272E-04,2.183708E-04,8.741565E-05,2.829488E-05,7.868712E-06,1.875644E-06,3.712740E-07,5.931864E-08
-7.01787,39.50000,0.00000,8.346422E-01,8.223662E-01,7.989935E-01,7.593294E-01,6.989178E-01,6.167210E-01,5.122820E-01,3.973672E-01,2.905464E-01,1.993799E-01,1.269509E-01,7.387614E-02,3.884167E-02,1.843600E-02,8.012174E-03,3.282329E-03,1.314455E-03,5.284392E-04,2.137847E-04,8.544938E-05,2.844353E-05,7.980037E-06,1.926356E-06,3.881006E-07,6.347633E-08
-7.01787,39.60000,0.00000,8.295216E-01,8.169749E-01,7.931490E-01,7.528599E-01,6.917759E-01,6.018057E-01,4.919424E-01,3.793374E-01,2.758870E-01,1.884519E-01,1.195449E-01,6.937139E-02,3.640051E-02,1.725027E-02,7.485587E-03,3.063467E-03,1.228243E-03,4.962606E-04,2.023875E-04,8.157340E-05,2.791733E-05,7.953739E-06,1.947056E-06,3.978395E-07,6.610342E-08
-7.01787,39.70000,0.00000,8.207847E-01,8.079588E-01,7.836599E-01,7.425218E-01,6.708576E-01,5.770209E-01,4.693251E-01,3.604390E-01,2.613981E-01,1.782437E-01,1.129803E-01,6.557406E-02,3.445808E-02,1.638423E-02,7.152047E-03,2.952384E-03,1.195456E-03,4.870062E-04,1.995896E-04,8.064752E-05,2.780053E-05,7.936994E-06,1.944776E-06,3.974728E-07,6.603339E-08
-7.01787,39.80000,0.00000,8.023460E-01,7.859467E-01,7.556289E-01,7.060472E-01,6.340404E-01,5.417446E-01,4.378693E-01,3.345065E-01,2.416300E-01,1.643529E-01,1.040891E-01,6.048368E-02,3.190074E-02,1.527407E-02,6.740361E-03,2.823073E-03,1.161326E-03,4.796967E-04,1.986013E-04,8.078894E-05,2.751645E-05,7.841350E-06,1.910368E-06,3.866884E-07,6.338028E-08
-7.01787,39.90000,0.00000,7.993435E-01,7.823709E-01,7.512019E-01,7.005603E-01,6.275194E-01,5.345733E-01,4.307053E-01,3.279862E-01,2.361510E-01,1.600598E-01,1.009704E-01,5.842441E-02,3.069180E-02,1.465368E-02,6.464287E-03,2.716580E-03,1.125855E-03,4.702053E-04,1.975575E-04,8.186643E-05,2.673868E-05,7.632143E-06,1.849300E-06,3.696748E-07,5.943554E-08
-7.01787,40.00000,0.00000,7.538179E-01,7.363734E-01,7.046098E-01,6.537774E-01,5.819001E-01,4.923369E-01,3.941284E-01,2.985013E-01,2.140445E-01,1.447404E-01,9.130532E-02,5.298378E-02,2.800807E-02,1.350687E-02,6.041199E-03,2.580727E-03,1.086607E-03,4.593737E-04,1.949870E-04,8.056448E-05,2.624298E-05,7.468943E-06,1.796753E-06,3.548809E-07,5.607771E-08
-7.01787,40.10000,0.00000,7.346886E-01,7.168818E-01,6.846503E-01,6.334912E-01,5.618644E-01,4.735400E-01,3.776252E-01,2.849859E-01,2.036993E-01,1.373620E-01,8.646957E-02,5.013321E-02,2.652860E-02,1.284124E-02,5.784025E-03,2.495633E-03,1.062072E-03,4.525614E-04,1.925465E-04,7.886931E-05,2.585843E-05,7.390851E-06,1.780998E-06,3.515654E-07,5.541074E-08
-7.01787,40.20000,0.00000,7.146701E-01,6.966118E-01,6.641179E-01,6.129567E-01,5.419995E-01,4.553564E-01,3.620977E-01,2.726606E-01,1.945872E-01,1.310955E-01,8.250157E-02,4.785761E-02,2.536727E-02,1.232181E-02,5.583358E-03,2.429908E-03,1.044001E-03,4.476912E-04,1.900585E-04,7.598553E-05,2.520994E-05,7.289629E-06,1.777407E-06,3.553638E-07,5.684462E-08
-7.01787,40.30000,0.00000,6.922076E-01,6.740059E-01,6.414424E-01,5.905564E-01,5.206172E-01,4.360097E-01,3.456977E-01,2.596635E-01,1.849438E-01,1.244206E-01,7.824758E-02,4.540782E-02,2.411476E-02,1.176102E-02,5.366007E-03,2.358102E-03,1.024052E-03,4.426418E-04,1.882972E-04,7.353146E-05,2.475038E-05,7.312173E-06,1.833401E-06,3.789437E-07,6.293399E-08
-7.01787,40.40000,0.00000,6.318637E-01,6.148700E-01,5.844174E-01,5.370560E-01,4.725650E-01,3.953809E-01,3.134601E-01,2.352768E-01,1.676897E-01,1.129118E-01,7.190019E-02,4.228490E-02,2.295120E-02,1.119991E-02,5.006928E-03,2.244276E-03,9.925412E-04,4.344764E-04,1.783706E-04,6.351912E-05,2.042681E-05,5.691456E-06,1.327569E-06,2.521067E-07,3.805288E-08
-7.01787,40.50000,0.00000,6.226047E-01,6.057587E-01,5.754437E-01,5.282915E-01,4.641834E-01,3.869973E-01,3.057860E-01,2.293193E-01,1.626924E-01,1.099749E-01,6.994867E-02,4.084946E-02,2.224067E-02,1.073761E-02,4.857610E-03,2.180507E-03,9.657312E-04,4.225827E-04,1.621713E-04,5.671477E-05,1.801185E-05,4.998500E-06,1.173069E-06,2.264693E-07,3.509197E-08
-7.01787,40.60000,0.00000,6.018299E-01,5.848697E-01,5.547029E-01,5.082219E-01,4.456035E-01,3.714827E-01,2.939031E-01,2.197847E-01,1.563976E-01,1.051811E-01,6.697969E-02,3.917601E-02,2.125263E-02,1.025590E-02,4.703697E-03,2.122730E-03,9.458779E-04,4.139503E-04,1.513671E-04,5.246675E-05,1.659496E-05,4.616125E-06,1.093305E-06,2.143640E-07,3.392624E-08
-7.01787,40.70000,0.00000,5.777845E-01,5.612357E-01,5.318447E-01,4.866916E-01,4.261163E-01,3.547278E-01,2.802979E-01,2.094124E-01,1.485833E-01,1.002995E-01,6.378980E-02,3.748037E-02,2.015861E-02,9.748350E-03,4.558966E-03,2.071082E-03,9.305935E-04,4.013269E-04,1.476620E-04,5.155904E-05,1.643389E-05,4.607180E-06,1.100280E-06,2.177614E-07,3.484449E-08
-7.01787,40.80000,0.00000,5.381384E-01,5.228212E-01,4.954622E-01,4.533308E-01,3.968152E-01,3.302928E-01,2.610174E-01,1.962859E-01,1.408695E-01,9.643827E-02,6.161716E-02,3.577693E-02,1.948471E-02,9.661281E-03,4.378276E-03,2.009436E-03,9.130528E-04,4.061705E-04,1.512588E-04,5.349858E-05,1.724866E-05,4.876927E-06,1.170427E-06,2.319913E-07,3.707129E-08
-7.01787,40.90000,0.00000,5.279051E-01,5.126341E-01,4.854404E-01,4.437053E-01,3.879292E-01,3.225181E-01,2.546184E-01,1.913271E-01,1.372338E-01,9.391114E-02,6.035006E-02,3.490626E-02,1.911405E-02,9.487937E-03,4.258736E-03,1.957401E-03,8.925052E-04,4.046875E-04,1.529213E-04,5.420112E-05,1.744971E-05,4.908491E-06,1.168084E-06,2.289188E-07,3.607368E-08
-7.01787,41.00000,0.00000,5.165808E-01,5.013642E-01,4.743565E-01,4.330629E-01,3.781040E-01,3.139188E-01,2.475384E-01,1.858467E-01,1.332360E-01,9.116531E-02,5.880800E-02,3.404916E-02,1.873010E-02,9.303896E-03,4.146700E-03,1.912808E-03,8.772747E-04,4.018670E-04,1.532153E-04,5.422716E-05,1.739391E-05,4.863296E-06,1.147220E-06,2.221617E-07,3.446444E-08
-7.01787,41.10000,0.00000,5.057600E-01,4.906201E-01,4.638375E-01,4.230399E-01,3.689532E-01,3.060244E-01,2.411479E-01,1.809881E-01,1.297475E-01,8.879466E-02,5.769661E-02,3.340157E-02,1.835911E-02,9.149023E-03,4.059182E-03,1.876965E-03,8.666465E-04,4.015628E-04,1.530808E-04,5.414629E-05,1.733356E-05,4.829665E-06,1.133290E-06,2.178069E-07,3.343909E-08
-7.01787,41.20000,0.00000,4.944299E-01,4.794051E-01,4.529089E-01,4.126933E-01,3.595739E-01,2.979862E-01,2.346734E-01,1.760802E-01,1.262304E-01,8.640919E-02,5.619730E-02,3.268013E-02,1.788496E-02,8.992199E-03,4.004432E-03,1.840686E-03,8.554697E-04,4.008592E-04,1.532962E-04,5.422330E-05,1.736006E-05,4.839718E-06,1.136883E-06,2.188711E-07,3.368119E-08
-7.01787,41.30000,0.00000,4.687716E-01,4.546390E-01,4.296333E-01,3.916086E-01,3.413541E-01,2.830804E-01,2.231611E-01,1.676703E-01,1.204137E-01,8.262116E-02,5.390201E-02,3.213131E-02,1.725674E-02,8.838801E-03,3.969547E-03,1.799977E-03,8.412630E-04,3.975637E-04,1.537412E-04,5.445230E-05,1.747977E-05,4.896957E-06,1.159469E-06,2.258264E-07,3.531294E-08
-7.01787,41.40000,0.00000,4.564240E-01,4.424981E-01,4.179124E-01,3.806320E-01,3.315185E-01,2.747497E-01,2.165323E-01,1.627143E-01,1.169215E-01,8.030181E-02,5.245796E-02,3.159060E-02,1.683153E-02,8.642290E-03,3.949726E-03,1.770038E-03,8.302691E-04,3.945742E-04,1.544163E-04,5.479010E-05,1.765778E-05,4.982934E-06,1.193677E-06,2.364551E-07,3.782835E-08
-7.01787,41.50000,0.00000,4.430262E-01,4.293793E-01,4.053303E-01,3.689524E-01,3.211637E-01,2.660788E-01,2.097125E-01,1.576711E-01,1.134012E-01,7.798044E-02,5.101799E-02,3.098570E-02,1.653454E-02,8.447737E-03,3.917309E-03,1.742445E-03,8.198483E-04,3.903302E-04,1.550864E-04,5.511258E-05,1.782427E-05,5.063121E-06,1.225738E-06,2.464951E-07,4.023028E-08
-7.01787,41.60000,0.00000,4.310481E-01,4.176306E-01,3.940420E-01,3.584592E-01,3.118547E-01,2.582867E-01,2.035889E-01,1.531469E-01,1.102437E-01,7.589388E-02,4.971606E-02,3.030271E-02,1.623248E-02,8.265414E-03,3.875207E-03,1.715944E-03,8.082170E-04,3.825599E-04,1.556787E-04,5.532757E-05,1.791540E-05,5.104090E-06,1.241890E-06,2.515677E-07,4.145236E-08
-7.01787,41.70000,0.00000,4.119291E-01,3.991298E-01,3.766000E-01,3.426075E-01,2.981110E-01,2.470086E-01,1.948577E-01,1.467621E-01,1.058281E-01,7.301702E-02,4.796748E-02,2.944407E-02,1.587562E-02,8.098210E-03,3.833328E-03,1.688668E-03,7.949478E-04,3.719404E-04,1.561034E-04,5.537410E-05,1.789695E-05,5.088781E-06,1.235121E-06,2.494012E-07,4.092998E-08
-7.01787,41.80000,0.00000,4.051116E-01,3.922763E-01,3.697908E-01,3.360297E-01,2.920479E-01,2.417646E-01,1.906376E-01,1.436012E-01,1.036078E-01,7.154146E-02,4.703400E-02,2.885030E-02,1.562360E-02,7.986763E-03,3.803761E-03,1.667964E-03,7.842123E-04,3.642116E-04,1.563985E-04,5.529103E-05,1.779252E-05,5.028856E-06,1.210115E-06,2.414552E-07,3.901230E-08
-7.01787,41.90000,0.00000,3.883666E-01,3.760142E-01,3.543786E-01,3.219236E-01,2.797129E-01,2.315410E-01,1.826345E-01,1.376777E-01,9.945435E-02,6.878894E-02,4.532512E-02,2.805299E-02,1.529597E-02,7.853030E-03,3.770914E-03,1.640795E-03,7.715041E-04,3.562785E-04,1.568339E-04,5.521288E-05,1.767321E-05,4.958937E-06,1.180792E-06,2.321430E-07,3.676942E-08
-7.01787,42.00000,0.00000,3.732325E-01,3.613173E-01,3.404540E-01,3.091905E-01,2.685930E-01,2.223409E-01,1.754495E-01,1.323761E-01,9.575193E-02,6.634565E-02,4.380971E-02,2.737507E-02,1.503844E-02,7.713580E-03,3.742970E-03,1.612694E-03,7.583986E-04,3.489198E-04,1.548720E-04,5.529114E-05,1.762127E-05,4.918769E-06,1.163063E-06,2.264431E-07,3.539539E-08
-7.01787,42.10000,0.00000,3.635754E-01,3.518093E-01,3.312681E-01,3.005896E-01,2.608929E-01,2.158229E-01,1.702673E-01,1.285085E-01,9.303388E-02,6.454143E-02,4.267688E-02,2.635609E-02,1.459818E-02,7.530254E-03,3.698169E-03,1.598844E-03,7.461356E-04,3.424744E-04,1.516348E-04,5.562808E-05,1.769092E-05,4.934263E-06,1.167214E-06,2.275698E-07,3.565343E-08
-7.01787,42.20000,0.00000,3.481165E-01,3.367989E-01,3.170403E-01,2.875522E-01,2.494509E-01,2.062724E-01,1.627093E-01,1.228393E-01,8.900402E-02,6.183759E-02,4.097828E-02,2.570540E-02,1.446706E-02,7.286943E-03,3.652059E-03,1.610159E-03,7.329981E-04,3.364799E-04,1.489923E-04,5.631238E-05,1.790051E-05,5.008736E-06,1.193938E-06,2.356941E-07,3.758654E-08
-6.91787,36.90000,0.00000,8.375657E-01,8.049792E-01,7.585791E-01,6.975043E-01,6.230384E-01,5.385680E-01,4.488998E-01,3.594089E-01,2.754081E-01,2.014293E-01,1.404233E-01,9.328654E-02,5.905657E-02,3.561268E-02,2.042849E-02,1.111544E-02,5.707822E-03,2.743967E-03,1.220527E-03,4.941330E-04,1.782059E-04,5.581740E-05,1.478943E-05,3.234956E-06,5.716392E-07
-6.91787,37.00000,0.00000,8.410995E-01,8.084692E-01,7.617301E-01,6.998603E-01,6.241332E-01,5.381256E-01,4.469342E-01,3.562061E-01,2.714327E-01,1.972211E-01,1.364847E-01,8.997222E-02,5.652005E-02,3.383210E-02,1.928085E-02,1.044088E-02,5.350168E-03,2.574385E-03,1.149160E-03,4.678145E-04,1.699026E-04,5.364577E-05,1.433344E-05,3.160190E-06,5.623032E-07
-6.91787,37.10000,0.00000,8.434620E-01,8.107985E-01,7.637368E-01,7.010894E-01,6.241028E-01,5.365284E-01,4.437671E-01,3.517624E-01,2.662154E-01,1.918384E-01,1.315230E-01,8.585704E-02,5.342928E-02,3.171489E-02,1.795450E-02,9.688200E-03,4.972292E-03,2.412352E-03,1.092374E-03,4.525340E-04,1.671535E-04,5.351824E-05,1.445148E-05,3.212375E-06,5.757272E-07
-6.91787,37.20000,0.00000,8.415509E-01,8.090785E-01,7.619226E-01,6.987422E-01,6.207622E-01,5.319223E-01,4.379463E-01,3.450555E-01,2.591188E-01,1.849021E-01,1.252605E-01,8.065332E-02,4.946089E-02,2.893845E-02,1.617267E-02,8.643200E-03,4.419090E-03,2.154723E-03,9.915017E-04,4.220678E-04,1.616219E-04,5.392999E-05,1.520319E-05,3.524287E-06,6.568030E-07
-6.91787,37.30000,0.00000,8.418624E-01,8.093521E-01,7.618882E-01,6.979631E-01,6.187513E-01,5.283480E-01,4.328122E-01,3.387237E-01,2.521637E-01,1.779296E-01,1.187842E-01,7.503176E-02,4.488362E-02,2.544009E-02,1.366525E-02,6.959822E-03,3.361449E-03,1.534324E-03,6.545107E-04,2.555899E-04,8.886539E-05,2.669629E-05,6.739451E-06,1.396414E-06,2.327523E-07
-6.91787,37.40000,0.00000,8.447253E-01,8.118747E-01,7.637913E-01,6.987865E-01,6.179677E-01,5.255969E-01,4.281209E-01,3.325446E-01,2.452052E-01,1.709279E-01,1.123423E-01,6.956029E-02,4.058959E-02,2.233156E-02,1.158823E-02,5.672806E-03,2.617814E-03,1.134529E-03,4.579360E-04,1.699636E-04,5.706407E-05,1.698859E-05,4.378808E-06,9.512978E-07,1.694112E-07
-6.91787,37.50000,0.00000,8.465847E-01,8.134215E-01,7.647558E-01,6.987315E-01,6.163966E-01,5.221868E-01,4.229413E-01,3.260835E-01,2.381992E-01,1.641265E-01,1.063337E-01,6.469394E-02,3.696535E-02,1.984245E-02,1.000497E-02,4.736639E-03,2.103458E-03,8.735791E-04,3.368910E-04,1.191519E-04,3.798161E-05,1.068712E-05,2.595618E-06,5.320132E-07,8.994038E-08
-6.91787,37.60000,0.00000,8.436580E-01,8.103335E-01,7.612514E-01,6.944354E-01,6.109147E-01,5.153301E-01,4.149204E-01,3.175063E-01,2.298385E-01,1.566503E-01,1.001600E-01,5.997018E-02,3.362204E-02,1.766414E-02,8.704918E-03,4.028707E-03,1.753562E-03,7.181702E-04,2.758335E-04,9.832089E-05,3.190406E-05,9.179073E-06,2.274472E-06,4.721269E-07,8.004505E-08
-6.91787,37.70000,0.00000,8.447788E-01,8.110227E-01,7.612658E-01,6.934050E-01,6.084331E-01,5.111806E-01,4.092872E-01,3.109867E-01,2.232133E-01,1.505961E-01,9.509082E-02,5.603794E-02,3.079511E-02,1.579360E-02,7.574965E-03,3.408710E-03,1.444798E-03,5.783639E-04,2.182368E-04,7.682591E-05,2.472272E-05,7.070213E-06,1.741675E-06,3.587883E-07,6.015413E-08
-6.91787,37.80000,0.00000,8.419545E-01,8.078614E-01,7.575301E-01,6.887875E-01,6.026641E-01,5.042421E-01,4.015553E-01,3.031411E-01,2.159560E-01,1.444072E-01,9.016532E-02,5.236273E-02,2.823764E-02,1.415032E-02,6.606586E-03,2.885269E-03,1.183592E-03,4.568113E-04,1.650960E-04,5.511545E-05,1.663086E-05,4.418640E-06,1.006050E-06,1.912561E-07,2.957466E-08
-6.91787,37.90000,0.00000,8.832202E-01,8.741987E-01,8.563892E-01,8.247725E-01,7.738149E-01,6.997124E-01,6.038510E-01,4.943781E-01,3.831091E-01,2.802086E-01,1.918431E-01,1.212633E-01,6.976713E-02,3.623550E-02,1.700520E-02,7.265238E-03,2.842146E-03,1.013338E-03,3.243086E-04,9.166504E-05,2.271048E-05,4.937188E-06,9.405812E-07,1.545082E-07,2.111516E-08
-6.91787,38.00000,0.00000,8.840263E-01,8.748960E-01,8.568903E-01,8.249388E-01,7.734467E-01,6.985989E-01,6.019047E-01,4.917562E-01,3.801813E-01,2.773613E-01,1.893453E-01,1.192538E-01,6.829638E-02,3.527858E-02,1.646744E-02,7.012483E-03,2.674187E-03,9.676394E-04,3.227696E-04,9.446521E-05,2.471281E-05,5.783459E-06,1.197613E-06,2.127569E-07,3.103320E-08
-6.91787,38.10000,0.00000,8.805246E-01,8.712112E-01,8.528533E-01,8.203202E-01,7.680106E-01,6.922272E-01,5.947627E-01,4.843383E-01,3.731459E-01,2.712656E-01,1.844834E-01,1.156702E-01,6.586832E-02,3.378884E-02,1.565918E-02,6.601726E-03,2.484484E-03,9.089847E-04,3.207221E-04,9.857562E-05,2.747469E-05,6.876408E-06,1.508234E-06,2.790990E-07,4.177960E-08
-6.91787,38.20000,0.00000,8.798792E-01,8.704235E-01,8.518133E-01,8.188780E-01,7.660031E-01,6.895671E-01,5.915498E-01,4.808960E-01,3.698791E-01,2.684753E-01,1.822974E-01,1.140950E-01,6.484725E-02,3.322053E-02,1.540752E-02,6.167836E-03,2.331327E-03,8.620404E-04,3.180342E-04,1.066480E-04,3.071735E-05,7.899842E-06,1.762261E-06,3.283133E-07,4.913057E-08
-6.91787,38.30000,0.00000,8.752853E-01,8.656176E-01,8.466124E-01,8.130568E-01,7.593811E-01,6.821613E-01,5.836930E-01,4.731803E-01,3.629192E-01,2.626818E-01,1.778238E-01,1.108949E-01,6.274577E-02,3.197036E-02,1.462793E-02,5.817524E-03,2.193523E-03,8.080800E-04,2.955612E-04,1.050250E-04,3.068138E-05,7.964481E-06,1.783070E-06,3.320341E-07,4.956870E-08
-6.91787,38.40000,0.00000,8.751264E-01,8.652820E-01,8.459793E-01,8.119678E-01,7.576871E-01,6.798082E-01,5.808277E-01,4.701403E-01,3.600657E-01,2.602489E-01,1.759001E-01,1.094917E-01,6.183107E-02,3.146037E-02,1.391491E-02,5.529188E-03,2.090844E-03,7.741506E-04,2.845104E-04,1.039371E-04,3.090940E-05,8.045938E-06,1.809681E-06,3.394569E-07,5.121250E-08
-6.91787,38.50000,0.00000,8.756155E-01,8.655856E-01,8.459789E-01,8.115238E-01,7.566754E-01,6.782107E-01,5.788131E-01,4.680054E-01,3.580748E-01,2.585336E-01,1.745024E-01,1.084369E-01,6.112859E-02,3.026275E-02,1.297781E-02,5.133762E-03,1.939878E-03,7.223544E-04,2.689448E-04,9.999110E-05,3.111674E-05,8.154229E-06,1.852807E-06,3.526456E-07,5.426881E-08
-6.91787,38.60000,0.00000,8.696898E-01,8.594446E-01,8.394501E-01,8.044243E-01,7.489504E-01,6.700686E-01,5.707744E-01,4.607024E-01,3.519786E-01,2.538298E-01,1.711445E-01,1.062483E-01,5.985495E-02,2.864611E-02,1.228685E-02,4.875597E-03,1.854379E-03,6.967967E-04,2.619890E-04,9.829595E-05,3.140858E-05,8.321866E-06,1.917360E-06,3.713679E-07,5.842687E-08
-6.91787,38.70000,0.00000,8.613846E-01,8.508577E-01,8.303499E-01,7.945747E-01,7.382571E-01,6.587698E-01,5.594794E-01,4.501916E-01,3.428842E-01,2.464821E-01,1.656014E-01,1.023648E-01,5.600514E-02,2.633489E-02,1.112691E-02,4.339262E-03,1.637501E-03,6.148659E-04,2.329447E-04,8.964937E-05,3.040854E-05,8.236504E-06,1.934734E-06,3.813680E-07,6.110555E-08
-6.91787,38.80000,0.00000,8.631406E-01,8.523995E-01,8.315539E-01,7.953057E-01,7.384082E-01,6.583393E-01,5.586174E-01,4.491362E-01,3.418094E-01,2.454594E-01,1.646820E-01,1.016241E-01,5.390440E-02,2.529054E-02,1.068884E-02,4.183043E-03,1.587640E-03,6.007825E-04,2.292706E-04,8.865808E-05,3.038534E-05,8.244563E-06,1.941129E-06,3.837855E-07,6.173397E-08
-6.91787,38.90000,0.00000,8.627233E-01,8.517562E-01,8.305508E-01,7.937990E-01,7.363167E-01,6.557383E-01,5.557685E-01,4.463753E-01,3.393725E-01,2.434383E-01,1.630953E-01,9.791470E-02,5.147839E-02,2.416497E-02,1.024291E-02,4.032643E-03,1.544463E-03,5.902802E-04,2.276064E-04,8.866258E-05,3.016365E-05,8.178480E-06,1.920078E-06,3.776392E-07,6.028861E-08
-6.91787,39.00000,0.00000,8.561673E-01,8.449367E-01,8.232753E-01,7.858895E-01,7.277504E-01,6.467941E-01,5.470331E-01,4.385080E-01,3.328427E-01,2.384202E-01,1.577793E-01,9.234819E-02,4.851434E-02,2.280794E-02,9.714368E-03,3.867884E-03,1.496412E-03,5.798854E-04,2.271864E-04,8.961467E-05,2.986288E-05,8.078756E-06,1.885529E-06,3.671370E-07,5.776783E-08
-6.91787,39.10000,0.00000,8.508980E-01,8.394089E-01,8.173161E-01,7.793375E-01,7.205765E-01,6.392326E-01,5.395758E-01,4.317080E-01,3.270822E-01,2.321252E-01,1.486393E-01,8.664510E-02,4.535227E-02,2.123388E-02,8.995423E-03,3.561594E-03,1.404555E-03,5.373776E-04,2.166754E-04,8.896457E-05,2.914142E-05,7.924677E-06,1.849556E-06,3.581316E-07,5.574752E-08
-6.91787,39.20000,0.00000,8.451964E-01,8.334275E-01,8.108592E-01,7.722183E-01,7.127458E-01,6.309181E-01,5.312905E-01,4.240514E-01,3.205004E-01,2.250246E-01,1.437511E-01,8.361170E-02,4.368943E-02,2.044168E-02,8.668520E-03,3.443156E-03,1.334542E-03,5.234351E-04,2.140154E-04,8.988559E-05,2.827270E-05,7.788476E-06,1.832978E-06,3.564914E-07,5.560106E-08
-6.91787,39.30000,0.00000,8.434436E-01,8.314366E-01,8.084843E-01,7.693169E-01,7.092631E-01,6.269848E-01,5.272408E-01,4.202834E-01,3.154690E-01,2.171515E-01,1.383602E-01,8.030264E-02,4.190627E-02,1.961189E-02,8.337013E-03,3.326413E-03,1.298307E-03,5.136890E-04,2.114157E-04,8.897214E-05,2.832312E-05,7.845056E-06,1.860403E-06,3.657005E-07,5.787100E-08
-6.91787,39.40000,0.00000,8.351767E-01,8.228844E-01,7.994457E-01,7.596158E-01,6.989047E-01,6.162977E-01,5.155439E-01,3.996217E-01,2.917657E-01,1.998113E-01,1.268982E-01,7.358076E-02,3.847166E-02,1.810157E-02,7.768279E-03,3.135094E-03,1.241148E-03,4.996560E-04,2.063156E-04,8.543641E-05,2.841022E-05,7.942301E-06,1.907491E-06,3.815955E-07,6.182751E-08
-6.91787,39.50000,0.00000,8.253084E-01,8.127264E-01,7.887896E-01,7.482861E-01,6.869189E-01,6.040236E-01,4.986745E-01,3.845869E-01,2.795346E-01,1.907024E-01,1.207187E-01,6.980237E-02,3.640391E-02,1.708363E-02,7.309811E-03,2.942929E-03,1.165712E-03,4.716194E-04,1.957377E-04,8.086989E-05,2.792229E-05,7.947653E-06,1.943177E-06,3.964306E-07,6.574313E-08
-6.91787,39.60000,0.00000,8.230634E-01,8.102291E-01,7.858868E-01,7.448362E-01,6.828725E-01,5.894023E-01,4.801986E-01,3.691010E-01,2.676933E-01,1.824060E-01,1.154111E-01,6.674013E-02,3.483713E-02,1.638363E-02,7.039158E-03,2.851505E-03,1.136821E-03,4.611830E-04,1.905920E-04,7.797439E-05,2.797153E-05,7.996145E-06,1.966298E-06,4.042721E-07,6.771968E-08
-6.91787,39.70000,0.00000,8.172912E-01,8.042305E-01,7.795156E-01,7.379740E-01,6.679490E-01,5.733986E-01,4.652176E-01,3.562533E-01,2.575409E-01,1.749865E-01,1.104377E-01,6.374121E-02,3.324816E-02,1.565811E-02,6.757291E-03,2.758350E-03,1.109656E-03,4.531054E-04,1.875426E-04,7.659871E-05,2.781248E-05,7.952675E-06,1.952197E-06,3.999693E-07,6.666302E-08
-6.91787,39.80000,0.00000,8.012546E-01,7.846363E-01,7.539422E-01,7.037926E-01,6.310624E-01,5.380377E-01,4.336607E-01,3.301921E-01,2.376117E-01,1.609106E-01,1.013595E-01,5.849084E-02,3.057714E-02,1.448352E-02,6.317595E-03,2.620107E-03,1.073275E-03,4.448579E-04,1.857655E-04,7.618799E-05,2.712528E-05,7.775446E-06,1.899920E-06,3.848873E-07,6.305763E-08
-6.91787,39.90000,0.00000,7.828547E-01,7.656333E-01,7.340685E-01,6.830273E-01,6.099157E-01,5.176260E-01,4.153366E-01,3.149779E-01,2.259052E-01,1.525756E-01,9.592907E-02,5.531191E-02,2.893304E-02,1.373916E-02,6.022321E-03,2.516390E-03,1.040571E-03,4.357706E-04,1.839410E-04,7.627405E-05,2.663993E-05,7.590498E-06,1.833734E-06,3.650446E-07,5.837885E-08
-6.91787,40.00000,0.00000,7.511262E-01,7.334527E-01,7.013008E-01,6.499163E-01,5.774012E-01,4.872991E-01,3.888715E-01,2.934605E-01,2.096029E-01,1.411275E-01,8.859064E-02,5.110958E-02,2.682678E-02,1.282841E-02,5.684702E-03,2.408318E-03,1.009559E-03,4.273106E-04,1.821146E-04,7.671936E-05,2.602949E-05,7.388169E-06,1.768612E-06,3.469080E-07,5.433048E-08
-6.91787,40.10000,0.00000,7.349224E-01,7.168770E-01,6.842499E-01,6.325123E-01,5.601746E-01,4.711555E-01,3.747695E-01,2.820102E-01,2.009314E-01,1.350083E-01,8.461462E-02,4.877841E-02,2.561930E-02,1.236840E-02,5.507967E-03,2.338662E-03,9.893121E-04,4.216043E-04,1.802601E-04,7.602986E-05,2.569471E-05,7.308283E-06,1.748132E-06,3.416879E-07,5.318483E-08
-6.91787,40.20000,0.00000,7.121985E-01,6.939487E-01,6.611367E-01,6.095383E-01,5.381054E-01,4.511075E-01,3.577841E-01,2.686358E-01,1.911301E-01,1.283386E-01,8.044890E-02,4.643255E-02,2.444989E-02,1.177691E-02,5.284799E-03,2.278636E-03,9.732231E-04,4.174224E-04,1.784238E-04,7.448930E-05,2.518299E-05,7.238858E-06,1.746904E-06,3.442374E-07,5.405317E-08
-6.91787,40.30000,0.00000,6.933436E-01,6.748752E-01,6.418716E-01,5.903507E-01,5.196351E-01,4.342681E-01,3.434132E-01,2.571782E-01,1.825761E-01,1.223768E-01,7.662024E-02,4.421000E-02,2.330563E-02,1.126224E-02,5.085042E-03,2.212520E-03,9.544463E-04,4.121777E-04,1.762395E-04,7.244817E-05,2.423441E-05,7.057343E-06,1.729219E-06,3.465827E-07,5.546674E-08
-6.91787,40.40000,0.00000,6.252461E-01,6.081785E-01,5.776033E-01,5.301082E-01,4.655730E-01,3.885760E-01,3.075010E-01,2.310572E-01,1.641508E-01,1.104758E-01,6.960161E-02,4.102134E-02,2.196288E-02,1.087751E-02,4.772589E-03,2.099430E-03,9.239290E-04,4.040822E-04,1.735806E-04,6.473064E-05,2.156754E-05,6.321793E-06,1.575428E-06,3.240266E-07,5.358362E-08
-6.91787,40.50000,0.00000,6.210140E-01,6.033981E-01,5.720417E-01,5.236213E-01,4.590271E-01,3.816743E-01,3.007911E-01,2.249350E-01,1.599225E-01,1.077400E-01,6.809371E-02,3.963216E-02,2.148543E-02,1.034454E-02,4.602940E-03,2.048851E-03,9.014366E-04,3.933338E-04,1.555432E-04,5.450289E-05,1.742078E-05,4.894938E-06,1.170665E-06,2.317646E-07,3.706644E-08
-6.91787,40.60000,0.00000,6.008773E-01,5.840134E-01,5.540558E-01,5.069574E-01,4.437559E-01,3.685187E-01,2.904049E-01,2.161908E-01,1.533467E-01,1.033548E-01,6.541517E-02,3.813053E-02,2.058007E-02,9.901371E-03,4.470517E-03,2.000269E-03,8.850629E-04,3.881295E-04,1.419769E-04,4.849764E-05,1.510716E-05,4.150501E-06,9.767606E-07,1.918320E-07,3.068780E-08
-6.91787,40.70000,0.00000,5.775514E-01,5.607656E-01,5.310031E-01,4.853633E-01,4.242696E-01,3.524686E-01,2.778535E-01,2.070542E-01,1.468004E-01,9.857684E-02,6.261384E-02,3.651816E-02,1.974271E-02,9.511977E-03,4.342946E-03,1.957283E-03,8.732802E-04,3.836411E-04,1.397235E-04,4.812592E-05,1.510952E-05,4.179632E-06,9.899793E-07,1.958378E-07,3.161560E-08
-6.91787,40.80000,0.00000,5.339491E-01,5.185326E-01,4.910268E-01,4.487357E-01,3.921315E-01,3.256944E-01,2.567448E-01,1.925604E-01,1.378227E-01,9.409422E-02,6.009385E-02,3.468358E-02,1.894674E-02,9.370936E-03,4.166111E-03,1.900208E-03,8.580671E-04,3.837700E-04,1.485556E-04,5.279726E-05,1.714988E-05,4.908744E-06,1.200345E-06,2.442254E-07,4.037923E-08
-6.91787,40.90000,0.00000,5.212595E-01,5.059571E-01,4.787261E-01,4.369955E-01,3.813530E-01,3.163008E-01,2.490285E-01,1.865874E-01,1.334560E-01,9.108684E-02,5.867791E-02,3.387846E-02,1.855797E-02,9.197811E-03,4.057162E-03,1.854851E-03,8.411279E-04,3.779611E-04,1.519720E-04,5.423428E-05,1.759803E-05,5.003762E-06,1.209231E-06,2.420769E-07,3.923119E-08
-6.91787,41.00000,0.00000,5.223816E-01,5.066147E-01,4.787624E-01,4.363607E-01,3.801592E-01,3.148043E-01,2.475173E-01,1.852638E-01,1.323918E-01,9.026555E-02,5.684348E-02,3.310816E-02,1.803999E-02,8.982807E-03,3.982896E-03,1.824779E-03,8.310042E-04,3.761256E-04,1.526178E-04,5.435812E-05,1.755073E-05,4.950199E-06,1.182440E-06,2.330004E-07,3.698489E-08
-6.91787,41.10000,0.00000,5.076061E-01,4.921152E-01,4.648005E-01,4.233257E-01,3.685251E-01,3.049974E-01,2.397573E-01,1.794945E-01,1.283458E-01,8.758914E-02,5.614227E-02,3.247110E-02,1.782715E-02,8.892046E-03,3.950122E-03,1.795991E-03,8.240062E-04,3.767439E-04,1.526899E-04,5.429691E-05,1.747784E-05,4.906032E-06,1.163476E-06,2.269063E-07,3.550965E-08
-6.91787,41.20000,0.00000,4.894721E-01,4.744076E-01,4.478693E-01,4.076549E-01,3.546540E-01,2.933712E-01,2.305704E-01,1.726436E-01,1.235210E-01,8.439656E-02,5.478878E-02,3.221945E-02,1.732932E-02,8.803721E-03,3.933898E-03,1.764219E-03,8.160233E-04,3.773023E-04,1.529280E-04,5.436545E-05,1.749745E-05,4.912424E-06,1.165617E-06,2.275208E-07,3.564869E-08
-6.91787,41.30000,0.00000,4.634691E-01,4.493307E-01,4.243368E-01,3.863848E-01,3.363292E-01,2.784383E-01,2.190909E-01,1.643031E-01,1.177871E-01,8.068890E-02,5.256234E-02,3.144689E-02,1.673956E-02,8.550703E-03,3.901144E-03,1.731810E-03,8.065633E-04,3.765053E-04,1.534113E-04,5.460750E-05,1.762371E-05,4.973371E-06,1.190051E-06,2.351953E-07,3.748774E-08
-6.91787,41.40000,0.00000,4.581833E-01,4.438973E-01,4.187793E-01,3.808409E-01,3.310597E-01,2.737564E-01,2.152365E-01,1.613548E-01,1.156696E-01,7.924566E-02,5.162538E-02,3.094767E-02,1.644350E-02,8.401932E-03,3.869334E-03,1.709453E-03,7.999475E-04,3.769685E-04,1.540752E-04,5.495627E-05,1.781158E-05,5.065513E-06,1.227296E-06,2.469855E-07,4.033950E-08
-6.91787,41.50000,0.00000,4.419880E-01,4.281397E-01,4.038037E-01,3.670992E-01,3.190337E-01,2.638179E-01,2.075165E-01,1.557099E-01,1.117713E-01,7.670537E-02,5.007492E-02,3.005196E-02,1.604877E-02,8.213102E-03,3.814186E-03,1.686891E-03,7.936374E-04,3.778160E-04,1.546339E-04,5.526273E-05,1.797839E-05,5.147714E-06,1.260710E-06,2.576280E-07,4.293264E-08
-6.91787,41.60000,0.00000,4.299731E-01,4.163496E-01,3.924692E-01,3.565578E-01,3.096779E-01,2.559826E-01,2.013534E-01,1.511519E-01,1.085893E-01,7.460640E-02,4.877248E-02,2.909899E-02,1.562001E-02,8.038259E-03,3.746104E-03,1.663299E-03,7.846113E-04,3.740576E-04,1.550889E-04,5.543263E-05,1.805185E-05,5.181378E-06,1.274200E-06,2.619342E-07,4.398813E-08
-6.91787,41.70000,0.00000,4.071157E-01,3.943247E-01,3.718355E-01,3.379589E-01,2.937050E-01,2.430061E-01,1.914069E-01,1.439507E-01,1.036646E-01,7.144443E-02,4.688951E-02,2.881981E-02,1.553292E-02,7.923297E-03,3.753893E-03,1.640374E-03,7.749188E-04,3.671200E-04,1.553294E-04,5.540059E-05,1.799986E-05,5.151040E-06,1.261403E-06,2.578186E-07,4.297869E-08
-6.91787,41.80000,0.00000,4.023880E-01,3.894137E-01,3.667457E-01,3.328108E-01,2.887456E-01,2.385439E-01,1.876907E-01,1.410794E-01,1.015859E-01,7.002144E-02,4.596608E-02,2.780918E-02,1.511095E-02,7.741126E-03,3.703875E-03,1.623233E-03,7.665909E-04,3.602360E-04,1.553923E-04,5.522700E-05,1.785483E-05,5.072265E-06,1.228692E-06,2.473552E-07,4.042558E-08
-6.91787,41.90000,0.00000,3.830475E-01,3.707597E-01,3.492519E-01,3.170253E-01,2.751765E-01,2.275131E-01,1.792302E-01,1.349477E-01,9.737793E-02,6.729268E-02,4.430731E-02,2.708468E-02,1.479263E-02,7.598026E-03,3.661190E-03,1.600135E-03,7.556918E-04,3.523198E-04,1.554590E-04,5.503502E-05,1.769298E-05,4.984251E-06,1.192241E-06,2.357561E-07,3.761488E-08
-6.91787,42.00000,0.00000,3.726908E-01,3.605961E-01,3.394813E-01,3.079367E-01,2.671040E-01,2.207403E-01,1.738937E-01,1.309962E-01,9.461594E-02,6.546289E-02,4.315713E-02,2.691759E-02,1.476446E-02,7.546836E-03,3.672534E-03,1.577075E-03,7.442088E-04,3.447643E-04,1.546910E-04,5.501021E-05,1.760295E-05,4.929093E-06,1.168941E-06,2.283538E-07,3.583541E-08
-6.91787,42.10000,0.00000,3.486418E-01,3.375115E-01,3.179776E-01,2.886834E-01,2.506655E-01,2.074164E-01,1.636521E-01,1.235218E-01,8.944371E-02,6.209499E-02,4.111973E-02,2.578327E-02,1.437530E-02,7.296884E-03,3.634562E-03,1.570056E-03,7.313964E-04,3.377890E-04,1.506598E-04,5.522402E-05,1.763392E-05,4.931246E-06,1.168524E-06,2.281497E-07,3.579060E-08
-6.91787,42.20000,0.00000,3.481974E-01,3.366822E-01,3.166417E-01,2.868278E-01,2.484312E-01,2.050650E-01,1.614625E-01,1.216855E-01,8.802360E-02,6.105740E-02,4.039148E-02,2.528955E-02,1.415997E-02,7.134616E-03,3.573137E-03,1.575569E-03,7.196867E-04,3.318027E-04,1.476439E-04,5.573692E-05,1.779505E-05,4.990484E-06,1.190267E-06,2.348370E-07,3.739586E-08
-6.81787,36.90000,0.00000,8.310851E-01,7.976858E-01,7.504595E-01,6.887870E-01,6.141489E-01,5.299695E-01,4.409374E-01,3.522828E-01,2.692288E-01,1.962597E-01,1.362685E-01,9.007743E-02,5.667220E-02,3.391070E-02,1.926750E-02,1.036190E-02,5.244073E-03,2.475539E-03,1.077211E-03,4.257241E-04,1.500650E-04,4.618073E-05,1.212007E-05,2.649898E-06,4.719221E-07
-6.81787,37.00000,0.00000,8.318535E-01,7.985253E-01,7.510636E-01,6.887109E-01,6.129774E-01,5.275068E-01,4.372864E-01,3.477816E-01,2.643341E-01,1.914444E-01,1.319401E-01,8.650216E-02,5.393950E-02,3.196681E-02,1.797885E-02,9.569517E-03,4.794248E-03,2.239746E-03,9.629366E-04,3.749280E-04,1.298299E-04,3.919525E-05,1.009914E-05,2.173271E-06,3.821687E-07
-6.81787,37.10000,0.00000,8.339835E-01,8.006140E-01,7.527966E-01,6.896238E-01,6.126081E-01,5.256017E-01,4.339052E-01,3.432565E-01,2.591645E-01,1.861980E-01,1.271418E-01,8.252221E-02,5.092491E-02,2.986621E-02,1.662933E-02,8.776319E-03,4.374154E-03,2.041687E-03,8.796071E-04,3.430001E-04,1.184634E-04,3.547700E-05,9.034478E-06,1.921298E-06,3.350671E-07
-6.81787,37.20000,0.00000,8.355194E-01,8.020737E-01,7.538806E-01,6.898725E-01,6.115337E-01,5.229010E-01,4.296013E-01,3.377119E-01,2.529539E-01,1.799548E-01,1.214351E-01,7.775827E-02,4.729177E-02,2.733633E-02,1.502363E-02,7.852214E-03,3.898296E-03,1.828332E-03,8.003426E-04,3.208346E-04,1.149898E-04,3.589452E-05,9.507241E-06,2.084974E-06,3.700675E-07
-6.81787,37.30000,0.00000,8.371418E-01,8.035490E-01,7.549049E-01,6.899753E-01,6.102224E-01,5.198821E-01,4.249423E-01,3.318178E-01,2.464194E-01,1.734012E-01,1.153934E-01,7.260148E-02,4.320032E-02,2.430995E-02,1.293252E-02,6.502061E-03,3.085316E-03,1.374219E-03,5.673526E-04,2.128404E-04,7.080570E-05,2.037088E-05,4.951779E-06,9.958368E-07,1.623206E-07
-6.81787,37.40000,0.00000,8.389123E-01,8.050386E-01,7.558159E-01,6.898457E-01,6.085558E-01,5.163857E-01,4.197098E-01,3.253333E-01,2.393796E-01,1.665013E-01,1.091885E-01,6.744863E-02,3.924738E-02,2.151091E-02,1.110027E-02,5.389230E-03,2.457045E-03,1.046725E-03,4.127675E-04,1.486449E-04,4.805299E-05,1.365814E-05,3.331339E-06,6.790542E-07,1.125595E-07
-6.81787,37.50000,0.00000,8.371264E-01,8.030953E-01,7.534160E-01,6.865552E-01,6.039488E-01,5.102758E-01,4.123158E-01,3.172220E-01,2.312664E-01,1.590441E-01,1.028643E-01,6.250251E-02,3.568550E-02,1.914839E-02,9.653487E-03,4.569693E-03,2.028777E-03,8.419078E-04,3.240835E-04,1.142256E-04,3.621435E-05,1.011387E-05,2.432912E-06,4.926900E-07,8.205065E-08
-6.81787,37.60000,0.00000,8.376603E-01,8.033071E-01,7.530428E-01,6.851897E-01,6.011376E-01,5.057450E-01,4.061978E-01,3.100940E-01,2.239377E-01,1.522664E-01,9.714209E-02,5.805340E-02,3.249749E-02,1.705423E-02,8.401278E-03,3.892060E-03,1.698569E-03,6.982127E-04,2.690607E-04,9.604999E-05,3.112641E-05,8.914342E-06,2.190839E-06,4.492820E-07,7.494167E-08
-6.81787,37.70000,0.00000,8.357484E-01,8.011026E-01,7.502673E-01,6.814623E-01,5.961115E-01,4.993354E-01,3.987376E-01,3.022449E-01,2.164268E-01,1.456530E-01,9.173410E-02,5.393538E-02,2.958889E-02,1.515940E-02,7.266277E-03,3.266880E-03,1.381829E-03,5.510544E-04,2.068561E-04,7.243168E-05,2.320353E-05,6.609913E-06,1.620754E-06,3.315812E-07,5.501619E-08
-6.81787,37.80000,0.00000,8.361108E-01,8.009691E-01,7.493885E-01,6.795005E-01,5.927517E-01,4.945093E-01,3.927658E-01,2.957672E-01,2.101466E-01,1.400993E-01,8.717871E-02,5.044504E-02,2.709900E-02,1.351871E-02,6.272740E-03,2.713432E-03,1.096651E-03,4.142646E-04,1.457362E-04,4.729078E-05,1.392607E-05,3.639215E-06,8.217563E-07,1.558645E-07,2.410794E-08
-6.81787,37.90000,0.00000,8.325447E-01,7.969871E-01,7.447374E-01,6.739023E-01,5.860394E-01,4.868256E-01,3.846313E-01,2.879029E-01,2.031745E-01,1.343650E-01,8.276670E-02,4.727697E-02,2.500273E-02,1.225969E-02,5.593216E-03,2.385123E-03,9.547936E-04,3.596033E-04,1.271030E-04,4.175072E-05,1.251711E-05,3.339530E-06,7.698516E-07,1.487758E-07,2.339537E-08
-6.81787,38.00000,0.00000,8.752847E-01,8.658034E-01,8.471376E-01,8.141584E-01,7.613805E-01,6.853530E-01,5.881124E-01,4.784266E-01,3.682981E-01,2.675668E-01,1.818718E-01,1.139990E-01,6.491344E-02,3.328971E-02,1.539520E-02,6.478358E-03,2.500767E-03,8.831475E-04,2.811719E-04,7.938217E-05,1.972587E-05,4.319802E-06,8.321103E-07,1.384098E-07,1.915419E-08
-6.81787,38.10000,0.00000,8.745866E-01,8.649681E-01,8.460486E-01,8.126524E-01,7.592689E-01,6.825101E-01,5.846102E-01,4.745893E-01,3.645728E-01,2.643170E-01,1.792791E-01,1.120973E-01,6.365054E-02,3.255619E-02,1.504158E-02,6.223470E-03,2.321634E-03,8.442303E-04,2.952395E-04,8.802347E-05,2.357857E-05,5.652266E-06,1.193173E-06,2.146189E-07,3.152812E-08
-6.81787,38.20000,0.00000,8.679990E-01,8.581907E-01,8.388932E-01,8.048851E-01,7.507111E-01,6.732027E-01,5.749372E-01,4.652261E-01,3.562306E-01,2.574859E-01,1.741240E-01,1.085120E-01,6.136769E-02,3.124436E-02,1.437847E-02,5.826239E-03,2.182120E-03,8.024531E-04,2.964821E-04,9.705246E-05,2.821696E-05,7.358834E-06,1.668958E-06,3.165453E-07,4.829486E-08
-6.81787,38.30000,0.00000,8.700192E-01,8.600425E-01,8.404709E-01,8.060378E-01,7.512510E-01,6.729764E-01,5.739539E-01,4.637150E-01,3.545251E-01,2.558529E-01,1.727161E-01,1.074121E-01,6.061650E-02,3.082120E-02,1.359934E-02,5.317271E-03,1.971698E-03,7.198665E-04,2.645946E-04,9.790667E-05,2.968455E-05,7.738624E-06,1.744939E-06,3.282400E-07,4.966265E-08
-6.81787,38.40000,0.00000,8.663565E-01,8.561786E-01,8.362445E-01,8.012594E-01,7.457856E-01,6.668808E-01,5.675735E-01,4.575991E-01,3.491910E-01,2.515921E-01,1.695807E-01,1.052989E-01,5.933730E-02,3.014559E-02,1.292279E-02,5.043305E-03,1.874404E-03,6.879353E-04,2.542038E-04,9.443267E-05,3.003727E-05,7.859468E-06,1.781324E-06,3.378518E-07,5.175524E-08
-6.81787,38.50000,0.00000,8.676727E-01,8.573329E-01,8.371407E-01,8.017846E-01,7.458384E-01,6.664438E-01,5.667816E-01,4.566802E-01,3.483196E-01,2.508188E-01,1.688949E-01,1.047252E-01,5.892653E-02,2.900181E-02,1.231244E-02,4.815625E-03,1.802847E-03,6.724117E-04,2.491077E-04,9.328614E-05,3.045956E-05,8.018092E-06,1.836071E-06,3.538131E-07,5.543546E-08
-6.81787,38.60000,0.00000,8.562114E-01,8.455932E-01,8.248674E-01,7.887117E-01,7.318818E-01,6.519125E-01,5.524317E-01,4.434670E-01,3.370218E-01,2.418368E-01,1.622625E-01,1.001958E-01,5.605479E-02,2.622341E-02,1.097334E-02,4.218447E-03,1.568580E-03,5.834572E-04,2.214090E-04,8.618948E-05,3.013886E-05,8.188485E-06,1.933520E-06,3.841869E-07,6.223606E-08
-6.81787,38.70000,0.00000,8.556395E-01,8.448175E-01,8.237622E-01,7.871440E-01,7.297812E-01,6.493610E-01,5.496966E-01,4.408893E-01,3.348316E-01,2.400954E-01,1.609440E-01,9.926887E-02,5.357328E-02,2.501750E-02,1.047230E-02,4.037904E-03,1.511474E-03,5.727140E-04,2.146309E-04,8.343698E-05,3.052717E-05,8.347304E-06,1.987810E-06,3.994177E-07,6.564552E-08
-6.81787,38.80000,0.00000,8.580232E-01,8.469688E-01,8.255542E-01,7.884287E-01,7.304342E-01,6.493545E-01,5.491621E-01,4.400545E-01,3.338809E-01,2.391216E-01,1.600236E-01,9.850217E-02,5.176938E-02,2.409580E-02,1.007693E-02,3.905853E-03,1.499723E-03,5.693731E-04,2.127001E-04,8.258005E-05,3.049745E-05,8.348924E-06,1.990577E-06,4.004917E-07,6.592085E-08
-6.81787,38.90000,0.00000,8.561454E-01,8.448681E-01,8.230903E-01,7.854637E-01,7.269184E-01,6.454272E-01,5.451700E-01,4.363906E-01,3.308039E-01,2.366989E-01,1.582230E-01,9.524799E-02,4.971480E-02,2.311220E-02,9.676492E-03,3.768930E-03,1.483807E-03,5.640516E-04,2.111185E-04,8.262845E-05,3.025149E-05,8.262340E-06,1.959566E-06,3.908496E-07,6.356114E-08
-6.81787,39.00000,0.00000,8.471119E-01,8.355716E-01,8.133273E-01,7.750584E-01,7.158810E-01,6.341130E-01,5.342537E-01,4.266081E-01,3.226544E-01,2.303681E-01,1.484063E-01,8.633240E-02,4.500902E-02,2.091663E-02,8.752550E-03,3.449339E-03,1.388538E-03,5.272353E-04,1.989954E-04,8.032390E-05,2.940041E-05,8.056911E-06,1.903747E-06,3.754585E-07,5.994892E-08
-6.81787,39.10000,0.00000,8.387005E-01,8.268819E-01,8.041540E-01,7.652202E-01,7.053729E-01,6.232640E-01,5.237048E-01,4.170675E-01,3.146189E-01,2.240362E-01,1.439725E-01,8.352701E-02,4.344784E-02,2.016945E-02,8.449620E-03,3.307431E-03,1.263929E-03,4.926036E-04,1.989682E-04,8.155750E-05,2.838038E-05,7.838962E-06,1.852564E-06,3.625580E-07,5.703846E-08
-6.81787,39.20000,0.00000,8.416516E-01,8.295942E-01,8.065099E-01,7.670858E-01,7.066408E-01,6.239213E-01,5.238757E-01,4.169375E-01,3.143200E-01,2.198405E-01,1.397581E-01,8.080703E-02,4.189935E-02,1.940493E-02,8.123131E-03,3.172860E-03,1.252520E-03,4.783225E-04,1.964907E-04,8.200452E-05,2.827896E-05,7.807322E-06,1.842057E-06,3.594166E-07,5.628683E-08
-6.81787,39.30000,0.00000,8.376110E-01,8.253070E-01,8.018165E-01,7.618459E-01,7.008383E-01,6.177760E-01,5.178315E-01,4.114870E-01,3.094205E-01,2.121060E-01,1.345163E-01,7.763026E-02,4.021502E-02,1.863735E-02,7.824813E-03,3.088842E-03,1.235024E-03,4.726055E-04,1.979013E-04,8.505576E-05,2.828748E-05,7.843308E-06,1.861142E-06,3.660169E-07,5.794644E-08
-6.81787,39.40000,0.00000,8.227577E-01,8.101435E-01,7.861068E-01,7.454062E-01,6.837598E-01,6.005995E-01,5.014791E-01,3.883468E-01,2.823305E-01,1.926063E-01,1.218822E-01,7.039703E-02,3.662047E-02,1.710524E-02,7.267267E-03,2.900063E-03,1.140284E-03,4.622708E-04,1.967950E-04,8.552303E-05,2.767972E-05,7.815301E-06,1.886130E-06,3.775961E-07,6.105519E-08
-6.81787,39.50000,0.00000,8.221832E-01,8.093261E-01,7.849080E-01,7.436904E-01,6.814673E-01,5.978314E-01,4.886589E-01,3.754376E-01,2.718577E-01,1.847734E-01,1.165016E-01,6.704592E-02,3.475136E-02,1.617425E-02,6.849337E-03,2.771130E-03,1.102272E-03,4.392871E-04,1.878968E-04,8.145644E-05,2.779882E-05,7.893240E-06,1.920884E-06,3.891460E-07,6.393226E-08
-6.81787,39.60000,0.00000,8.160277E-01,8.029300E-01,7.781162E-01,7.363831E-01,6.736771E-01,5.857674E-01,4.760334E-01,3.648342E-01,2.637532E-01,1.790772E-01,1.128136E-01,6.487094E-02,3.360697E-02,1.564893E-02,6.642289E-03,2.706844E-03,1.080524E-03,4.304296E-04,1.820098E-04,7.682763E-05,2.777087E-05,7.909154E-06,1.930973E-06,3.927253E-07,6.483615E-08
-6.81787,39.70000,0.00000,8.120055E-01,7.986364E-01,7.717137E-01,7.220184E-01,6.491381E-01,5.548784E-01,4.481246E-01,3.416144E-01,2.459411E-01,1.664964E-01,1.047209E-01,6.021716E-02,3.126285E-02,1.463293E-02,6.268709E-03,2.549508E-03,1.021876E-03,4.211690E-04,1.776656E-04,7.418316E-05,2.726655E-05,7.796989E-06,1.902488E-06,3.851235E-07,6.307447E-08
-6.81787,39.80000,0.00000,7.956535E-01,7.787520E-01,7.475835E-01,6.967805E-01,6.233520E-01,5.298456E-01,4.254754E-01,3.226154E-01,2.311419E-01,1.558181E-01,9.767208E-02,5.604248E-02,2.908622E-02,1.364713E-02,5.906123E-03,2.462993E-03,9.823489E-04,4.094072E-04,1.736454E-04,7.258395E-05,2.688838E-05,7.663004E-06,1.853687E-06,3.699607E-07,5.940466E-08
-6.81787,39.90000,0.00000,7.690123E-01,7.515653E-01,7.196363E-01,6.681982E-01,5.949312E-01,5.030664E-01,4.019836E-01,3.035293E-01,2.167641E-01,1.458033E-01,9.130410E-02,5.242065E-02,2.728329E-02,1.287595E-02,5.741796E-03,2.393663E-03,9.604266E-04,4.042272E-04,1.723866E-04,7.229664E-05,2.639052E-05,7.477548E-06,1.789029E-06,3.510719E-07,5.506509E-08
-6.81787,40.00000,0.00000,7.496398E-01,7.317410E-01,6.992102E-01,6.472838E-01,5.741296E-01,4.834592E-01,3.847408E-01,2.894282E-01,2.060107E-01,1.381758E-01,8.634254E-02,4.952716E-02,2.580400E-02,1.231034E-02,5.499911E-03,2.291108E-03,9.363525E-04,3.969065E-04,1.701438E-04,7.185103E-05,2.575745E-05,7.274321E-06,1.725875E-06,3.340730E-07,5.138632E-08
-6.81787,40.10000,0.00000,7.125748E-01,6.945838E-01,6.620649E-01,6.106772E-01,5.392382E-01,4.519401E-01,3.581072E-01,2.684469E-01,1.905999E-01,1.276766E-01,7.980329E-02,4.587733E-02,2.418459E-02,1.180474E-02,5.262623E-03,2.189977E-03,9.128418E-04,3.908274E-04,1.686274E-04,7.177725E-05,2.539166E-05,7.191742E-06,1.705590E-06,3.290385E-07,5.030644E-08
-6.81787,40.20000,0.00000,7.124365E-01,6.939345E-01,6.607090E-01,6.085160E-01,5.363663E-01,4.486856E-01,3.549128E-01,2.656642E-01,1.883788E-01,1.260087E-01,7.862262E-02,4.510745E-02,2.356646E-02,1.123887E-02,4.985673E-03,2.126512E-03,9.025190E-04,3.876254E-04,1.672099E-04,7.084379E-05,2.493329E-05,7.129424E-06,1.703723E-06,3.308454E-07,5.092122E-08
-6.81787,40.30000,0.00000,6.897911E-01,6.711161E-01,6.377790E-01,5.858185E-01,5.146621E-01,4.290279E-01,3.382424E-01,2.524574E-01,1.785878E-01,1.192447E-01,7.432891E-02,4.265400E-02,2.247780E-02,1.089300E-02,4.811975E-03,2.062251E-03,8.848225E-04,3.826757E-04,1.651343E-04,6.949182E-05,2.378750E-05,6.895651E-06,1.673570E-06,3.303795E-07,5.175465E-08
-6.81787,40.40000,0.00000,6.213741E-01,6.041451E-01,5.733136E-01,5.254943E-01,4.606653E-01,3.835556E-01,3.026704E-01,2.259726E-01,1.605181E-01,1.076142E-01,6.765640E-02,3.962607E-02,2.107904E-02,1.049675E-02,4.589280E-03,1.959538E-03,8.574127E-04,3.752231E-04,1.625548E-04,5.950445E-05,1.943319E-05,5.552490E-06,1.339354E-06,2.644094E-07,4.157507E-08
-6.81787,40.50000,0.00000,6.191999E-01,6.013747E-01,5.696878E-01,5.208363E-01,4.559418E-01,3.786525E-01,2.975471E-01,2.217612E-01,1.570879E-01,1.054762E-01,6.654605E-02,3.874354E-02,2.072228E-02,1.005813E-02,4.363792E-03,1.918153E-03,8.383506E-04,3.656052E-04,1.409418E-04,4.781282E-05,1.471159E-05,3.974576E-06,9.180371E-07,1.771788E-07,2.795139E-08
-6.81787,40.60000,0.00000,5.955533E-01,5.780735E-01,5.476881E-01,5.008183E-01,4.378892E-01,3.630559E-01,2.845556E-01,2.115752E-01,1.498536E-01,1.006780E-01,6.361084E-02,3.684182E-02,1.989864E-02,9.549215E-03,4.224536E-03,1.874285E-03,8.242831E-04,3.612303E-04,1.343739E-04,4.562365E-05,1.417159E-05,3.908396E-06,9.315025E-07,1.869366E-07,3.079029E-08
-6.81787,40.70000,0.00000,5.756024E-01,5.585900E-01,5.284768E-01,4.823933E-01,4.208629E-01,3.487799E-01,2.741620E-01,2.036678E-01,1.439305E-01,9.630716E-02,6.094012E-02,3.554475E-02,1.920776E-02,9.229591E-03,4.113679E-03,1.838836E-03,8.154060E-04,3.600494E-04,1.353490E-04,4.673766E-05,1.474649E-05,4.115475E-06,9.881510E-07,1.991193E-07,3.289092E-08
-6.81787,40.80000,0.00000,5.261653E-01,5.107863E-01,4.833469E-01,4.411985E-01,3.848907E-01,3.189828E-01,2.508158E-01,1.876025E-01,1.339048E-01,9.117029E-02,5.831487E-02,3.361533E-02,1.830878E-02,9.056177E-03,3.972821E-03,1.786873E-03,8.030778E-04,3.583668E-04,1.461438E-04,5.226250E-05,1.709084E-05,4.932636E-06,1.219196E-06,2.514479E-07,4.226739E-08
-6.81787,40.90000,0.00000,5.199711E-01,5.044575E-01,4.769071E-01,4.347841E-01,3.787704E-01,3.134931E-01,2.462325E-01,1.840363E-01,1.312989E-01,8.937313E-02,5.739266E-02,3.306820E-02,1.803055E-02,8.954252E-03,3.947400E-03,1.755033E-03,7.906636E-04,3.533959E-04,1.506760E-04,5.406233E-05,1.762906E-05,5.039934E-06,1.226364E-06,2.477085E-07,4.060000E-08
-6.81787,41.00000,0.00000,5.099505E-01,4.944759E-01,4.670948E-01,4.253966E-01,3.701752E-01,3.060729E-01,2.402354E-01,1.794921E-01,1.280524E-01,8.717990E-02,5.559942E-02,3.209132E-02,1.760011E-02,8.753575E-03,3.881023E-03,1.727160E-03,7.826652E-04,3.520108E-04,1.516579E-04,5.425531E-05,1.757840E-05,4.975182E-06,1.193456E-06,2.364726E-07,3.780130E-08
-6.81787,41.10000,0.00000,5.038131E-01,4.881879E-01,4.606853E-01,4.190155E-01,3.641050E-01,3.006524E-01,2.357291E-01,1.759975E-01,1.255069E-01,8.543149E-02,5.520579E-02,3.188601E-02,1.724958E-02,8.685020E-03,3.872230E-03,1.704468E-03,7.775945E-04,3.525940E-04,1.519500E-04,5.421044E-05,1.748975E-05,4.919221E-06,1.169273E-06,2.287025E-07,3.592257E-08
-6.81787,41.20000,0.00000,4.879321E-01,4.726564E-01,4.458096E-01,4.052342E-01,3.519171E-01,2.904776E-01,2.277502E-01,1.701097E-01,1.214033E-01,8.273315E-02,5.355504E-02,3.163232E-02,1.678847E-02,8.487071E-03,3.862952E-03,1.683325E-03,7.739014E-04,3.539081E-04,1.521911E-04,5.425726E-05,1.749033E-05,4.915097E-06,1.167146E-06,2.280030E-07,3.575803E-08
-6.81787,41.30000,0.00000,4.632169E-01,4.487934E-01,4.233800E-01,3.849230E-01,3.343879E-01,2.761745E-01,2.167485E-01,1.621175E-01,1.159142E-01,7.919232E-02,5.143945E-02,3.049012E-02,1.624375E-02,8.260876E-03,3.782299E-03,1.658333E-03,7.677605E-04,3.537679E-04,1.525630E-04,5.446267E-05,1.759506E-05,4.964812E-06,1.187027E-06,2.342708E-07,3.726953E-08
-6.81787,41.40000,0.00000,4.596329E-01,4.450008E-01,4.193706E-01,3.808013E-01,3.303862E-01,2.725849E-01,2.138020E-01,1.598940E-01,1.143481E-01,7.814276E-02,5.076124E-02,2.988951E-02,1.601783E-02,8.151292E-03,3.741550E-03,1.643868E-03,7.650370E-04,3.557097E-04,1.532042E-04,5.477246E-05,1.775532E-05,5.042470E-06,1.218316E-06,2.441699E-07,3.966317E-08
-6.81787,41.50000,0.00000,4.430573E-01,4.288761E-01,4.040513E-01,3.667540E-01,3.181059E-01,2.624500E-01,2.059390E-01,1.541515E-01,1.103900E-01,7.557428E-02,4.920606E-02,2.941464E-02,1.570082E-02,7.972215E-03,3.735635E-03,1.624923E-03,7.617262E-04,3.585386E-04,1.537393E-04,5.502687E-05,1.788861E-05,5.107504E-06,1.244626E-06,2.525118E-07,4.168494E-08
-6.81787,41.60000,0.00000,4.260938E-01,4.124086E-01,3.884622E-01,3.525269E-01,3.057352E-01,2.522974E-01,1.981021E-01,1.484549E-01,1.064815E-01,7.304907E-02,4.768354E-02,2.838744E-02,1.525508E-02,7.797822E-03,3.678085E-03,1.606795E-03,7.572094E-04,3.598237E-04,1.540435E-04,5.512779E-05,1.792804E-05,5.124799E-06,1.251456E-06,2.546741E-07,4.221084E-08
-6.81787,41.70000,0.00000,4.032544E-01,3.903981E-01,3.678374E-01,3.339298E-01,2.897542E-01,2.393004E-01,1.881204E-01,1.412057E-01,1.015018E-01,6.983514E-02,4.576108E-02,2.822698E-02,1.519537E-02,7.762369E-03,3.677426E-03,1.586485E-03,7.501766E-04,3.566759E-04,1.541601E-04,5.504421E-05,1.785138E-05,5.083054E-06,1.234243E-06,2.492133E-07,4.088925E-08
-6.81787,41.80000,0.00000,4.019691E-01,3.887783E-01,3.658030E-01,3.315170E-01,2.871467E-01,2.367784E-01,1.859429E-01,1.395081E-01,1.002788E-01,6.899802E-02,4.520485E-02,2.707981E-02,1.471803E-02,7.543720E-03,3.615805E-03,1.575564E-03,7.451241E-04,3.526178E-04,1.540323E-04,5.482366E-05,1.769354E-05,5.000439E-06,1.200515E-06,2.385803E-07,3.833420E-08
-6.81787,41.90000,0.00000,3.854439E-01,3.727822E-01,3.507245E-01,3.178258E-01,2.752998E-01,2.270873E-01,1.784706E-01,1.340674E-01,9.652746E-02,6.655052E-02,4.370495E-02,2.677238E-02,1.459028E-02,7.498204E-03,3.606927E-03,1.555999E-03,7.365972E-04,3.463744E-04,1.540437E-04,5.460932E-05,1.752754E-05,4.912732E-06,1.164847E-06,2.274307E-07,3.568352E-08
-6.81787,42.00000,0.00000,3.715125E-01,3.592316E-01,3.378608E-01,3.060399E-01,2.649939E-01,2.185617E-01,1.718252E-01,1.291865E-01,9.314337E-02,6.433834E-02,4.234754E-02,2.563709E-02,1.411936E-02,7.301107E-03,3.552456E-03,1.534987E-03,7.265547E-04,3.391596E-04,1.542452E-04,5.451261E-05,1.742479E-05,4.855640E-06,1.141522E-06,2.201849E-07,3.397880E-08
-6.81787,42.10000,0.00000,3.475288E-01,3.362415E-01,3.164908E-01,2.869616E-01,2.487643E-01,2.054639E-01,1.618064E-01,1.219132E-01,8.813693E-02,6.109316E-02,4.039002E-02,2.527920E-02,1.416376E-02,7.118350E-03,3.562935E-03,1.544002E-03,7.148529E-04,3.319143E-04,1.492965E-04,5.466279E-05,1.743269E-05,4.849091E-06,1.137991E-06,2.190598E-07,3.372169E-08
-6.81787,42.20000,0.00000,3.433226E-01,3.318584E-01,3.119237E-01,2.823038E-01,2.442218E-01,2.013030E-01,1.582582E-01,1.190947E-01,8.603793E-02,5.961743E-02,3.940815E-02,2.466021E-02,1.379646E-02,6.940165E-03,3.477038E-03,1.540843E-03,7.033087E-04,3.256925E-04,1.456991E-04,5.505487E-05,1.754980E-05,4.890438E-06,1.152733E-06,2.234857E-07,3.476016E-08
-6.71787,36.90000,0.00000,8.240024E-01,7.896013E-01,7.413756E-01,6.789789E-01,6.040987E-01,5.201917E-01,4.318251E-01,3.440881E-01,2.621266E-01,1.903736E-01,1.316362E-01,8.662251E-02,5.422477E-02,3.226446E-02,1.822091E-02,9.738741E-03,4.900185E-03,2.302108E-03,9.989658E-04,3.951385E-04,1.401318E-04,4.363443E-05,1.163804E-05,2.590086E-06,4.689205E-07
-6.71787,37.00000,0.00000,8.270153E-01,7.925260E-01,7.438778E-01,6.805908E-01,6.043995E-01,5.189998E-01,4.292688E-01,3.405235E-01,2.580098E-01,1.861667E-01,1.277415E-01,8.332600E-02,5.165975E-02,3.042079E-02,1.699324E-02,8.981419E-03,4.468275E-03,2.074948E-03,8.893334E-04,3.470255E-04,1.211971E-04,3.707942E-05,9.690857E-06,2.107617E-06,3.719328E-07
-6.71787,37.10000,0.00000,8.305511E-01,7.959327E-01,7.468233E-01,6.825841E-01,6.049524E-01,5.178332E-01,4.264293E-01,3.363720E-01,2.531046E-01,1.811212E-01,1.230977E-01,7.944717E-02,4.868769E-02,2.831514E-02,1.561213E-02,8.148164E-03,4.010001E-03,1.845740E-03,7.839695E-04,3.018335E-04,1.031859E-04,3.064395E-05,7.731433E-06,1.620742E-06,2.760390E-07
-6.71787,37.20000,0.00000,8.327425E-01,7.979993E-01,7.484353E-01,6.832572E-01,6.042038E-01,5.154070E-01,4.224178E-01,3.311765E-01,2.472941E-01,1.752970E-01,1.177885E-01,7.502651E-02,4.532215E-02,2.597040E-02,1.411627E-02,7.276450E-03,3.550233E-03,1.630191E-03,6.966926E-04,2.725266E-04,9.548297E-05,2.920823E-05,7.590187E-06,1.631262E-06,2.827894E-07
-6.71787,37.30000,0.00000,8.294454E-01,7.948229E-01,7.450653E-01,6.792508E-01,5.991553E-01,5.091681E-01,4.151949E-01,3.234406E-01,2.395953E-01,1.681320E-01,1.115357E-01,6.991456E-02,4.141281E-02,2.317178E-02,1.223892E-02,6.096860E-03,2.858361E-03,1.253853E-03,5.088156E-04,1.877937E-04,6.171273E-05,1.763123E-05,4.272073E-06,8.567241E-07,1.388184E-07
-6.71787,37.40000,0.00000,8.315089E-01,7.965963E-01,7.462282E-01,6.793236E-01,5.976523E-01,5.058348E-01,4.101675E-01,3.172162E-01,2.328634E-01,1.615781E-01,1.057050E-01,6.514226E-02,3.781097E-02,2.066085E-02,1.061820E-02,5.126365E-03,2.319907E-03,9.792303E-04,3.821056E-04,1.360668E-04,4.348122E-05,1.221148E-05,2.940423E-06,5.908263E-07,9.631654E-08
-6.71787,37.50000,0.00000,8.338201E-01,7.985070E-01,7.474301E-01,6.793516E-01,5.960155E-01,5.022369E-01,4.047313E-01,3.105097E-01,2.257089E-01,1.547800E-01,9.985161E-02,6.053462E-02,3.448452E-02,1.846125E-02,9.289726E-03,4.395799E-03,1.955400E-03,8.151113E-04,3.158124E-04,1.121081E-04,3.573460E-05,9.985597E-06,2.385579E-06,4.756199E-07,7.730756E-08
-6.71787,37.60000,0.00000,8.314202E-01,7.959254E-01,7.443653E-01,6.753854E-01,5.907597E-01,4.955738E-01,3.969585E-01,3.022655E-01,2.177278E-01,1.476746E-01,9.400905E-02,5.610025E-02,3.139160E-02,1.648644E-02,8.137372E-03,3.781402E-03,1.657124E-03,6.845735E-04,2.651470E-04,9.500687E-05,3.080453E-05,8.785230E-06,2.138197E-06,4.317576E-07,7.049617E-08
-6.71787,37.70000,0.00000,8.320905E-01,7.961569E-01,7.438679E-01,6.737564E-01,5.876272E-01,4.908283E-01,3.909069E-01,2.955476E-01,2.110688E-01,1.416589E-01,8.898842E-02,5.221131E-02,2.860327E-02,1.464502E-02,7.019937E-03,3.157883E-03,1.337029E-03,5.339303E-04,2.007948E-04,7.044704E-05,2.259077E-05,6.425030E-06,1.566259E-06,3.169164E-07,5.171706E-08
-6.71787,37.80000,0.00000,8.285407E-01,7.923185E-01,7.394594E-01,6.684303E-01,5.811198E-01,4.831816E-01,3.825660E-01,2.872120E-01,2.034113E-01,1.351231E-01,8.375937E-02,4.828667E-02,2.585733E-02,1.286771E-02,5.958937E-03,2.572174E-03,1.036346E-03,3.898854E-04,1.366707E-04,4.432167E-05,1.309602E-05,3.441552E-06,7.803775E-07,1.479406E-07,2.273195E-08
-6.71787,37.90000,0.00000,8.303025E-01,7.933630E-01,7.395177E-01,6.671771E-01,5.783023E-01,4.788262E-01,3.770846E-01,2.812856E-01,1.977298E-01,1.301792E-01,7.979880E-02,4.535835E-02,2.387503E-02,1.165204E-02,5.288362E-03,2.239974E-03,8.884373E-04,3.307720E-04,1.156182E-04,3.774591E-05,1.133707E-05,3.049722E-06,7.098326E-07,1.379969E-07,2.169228E-08
-6.71787,38.00000,0.00000,8.275675E-01,7.901612E-01,7.356243E-01,6.623624E-01,5.724531E-01,4.721061E-01,3.699838E-01,2.744638E-01,1.917567E-01,1.253700E-01,7.621246E-02,4.288456E-02,2.231649E-02,1.077391E-02,4.857229E-03,2.061765E-03,8.299099E-04,3.176091E-04,1.149705E-04,3.879809E-05,1.192557E-05,3.243332E-06,7.566360E-07,1.470163E-07,2.313685E-08
-6.71787,38.10000,0.00000,8.235921E-01,7.856514E-01,7.303563E-01,6.561631E-01,5.653403E-01,4.644100E-01,3.623056E-01,2.674613E-01,1.859070E-01,1.208759E-01,7.304452E-02,4.086382E-02,2.118243E-02,1.024098E-02,4.670138E-03,2.034993E-03,8.554974E-04,3.471476E-04,1.343332E-04,4.840688E-05,1.574643E-05,4.471949E-06,1.073962E-06,2.120320E-07,3.355030E-08
-6.71787,38.20000,0.00000,8.678255E-01,8.577344E-01,8.379595E-01,8.032406E-01,7.481582E-01,6.697264E-01,5.708231E-01,4.609705E-01,3.522869E-01,2.540992E-01,1.713871E-01,1.064578E-01,5.997774E-02,3.041541E-02,1.365380E-02,5.289291E-03,1.934642E-03,6.967466E-04,2.545983E-04,9.063262E-05,2.605318E-05,6.756766E-06,1.538136E-06,2.957193E-07,4.612599E-08
-6.71787,38.30000,0.00000,8.676669E-01,8.574193E-01,8.373740E-01,8.022283E-01,7.465518E-01,6.674371E-01,5.679578E-01,4.578532E-01,3.493086E-01,2.515413E-01,1.693693E-01,1.049967E-01,5.903492E-02,2.990085E-02,1.287262E-02,4.957151E-03,1.805423E-03,6.522164E-04,2.343976E-04,8.623279E-05,2.875818E-05,7.579898E-06,1.734843E-06,3.322587E-07,5.132754E-08
-6.71787,38.40000,0.00000,8.645259E-01,8.540791E-01,8.336762E-01,7.979847E-01,7.416210E-01,6.618615E-01,5.620663E-01,4.521818E-01,3.443659E-01,2.476137E-01,1.665052E-01,1.030943E-01,5.791191E-02,2.898203E-02,1.219092E-02,4.690048E-03,1.725404E-03,6.279723E-04,2.272996E-04,8.333775E-05,2.959389E-05,7.816219E-06,1.793262E-06,3.452528E-07,5.385531E-08
-6.71787,38.50000,0.00000,8.562328E-01,8.455340E-01,8.246569E-01,7.882491E-01,7.310564E-01,6.506694E-01,5.508325E-01,4.416992E-01,3.353037E-01,2.403236E-01,1.610296E-01,9.926556E-02,5.543536E-02,2.634982E-02,1.087240E-02,4.086979E-03,1.488954E-03,5.498705E-04,1.992174E-04,7.622283E-05,2.898617E-05,7.826232E-06,1.833249E-06,3.606976E-07,5.773351E-08
-6.71787,38.60000,0.00000,8.561984E-01,8.452995E-01,8.240938E-01,7.872124E-01,7.294453E-01,6.485176E-01,5.483730E-01,4.392740E-01,3.331790E-01,2.386022E-01,1.597119E-01,9.833200E-02,5.387147E-02,2.496530E-02,1.030758E-02,3.901455E-03,1.486476E-03,5.347556E-04,1.983733E-04,7.546222E-05,2.929979E-05,8.226708E-06,1.961050E-06,3.944593E-07,6.489057E-08
-6.71787,38.70000,0.00000,8.542109E-01,8.430970E-01,8.215336E-01,7.841442E-01,7.257987E-01,6.444091E-01,5.441427E-01,4.353506E-01,3.298712E-01,2.360207E-01,1.578338E-01,9.708404E-02,5.154419E-02,2.381907E-02,9.829231E-03,3.733078E-03,1.441030E-03,5.273126E-04,1.925821E-04,7.303169E-05,2.823809E-05,8.389804E-06,2.012188E-06,4.080510E-07,6.784715E-08
-6.71787,38.80000,0.00000,8.505613E-01,8.392190E-01,8.172680E-01,7.793379E-01,7.204084E-01,6.386156E-01,5.383739E-01,4.300978E-01,3.254690E-01,2.325796E-01,1.553287E-01,9.542020E-02,4.970092E-02,2.290550E-02,9.445118E-03,3.605555E-03,1.401316E-03,5.236290E-04,1.902655E-04,7.230050E-05,2.803518E-05,8.367509E-06,2.004243E-06,4.055013E-07,6.720759E-08
-6.71787,38.90000,0.00000,8.464594E-01,8.348588E-01,8.124729E-01,7.739354E-01,7.143379E-01,6.320637E-01,5.317855E-01,4.240005E-01,3.202423E-01,2.283799E-01,1.521583E-01,9.067045E-02,4.683813E-02,2.144130E-02,8.771797E-03,3.410130E-03,1.296288E-03,4.898674E-04,1.805443E-04,6.983265E-05,2.759887E-05,8.177544E-06,1.952366E-06,3.911558E-07,6.383078E-08
-6.71787,39.00000,0.00000,8.378379E-01,8.259580E-01,8.030831E-01,7.638690E-01,7.035888E-01,6.209646E-01,5.209931E-01,4.142381E-01,3.120203E-01,2.219013E-01,1.441739E-01,8.335669E-02,4.309793E-02,1.979389E-02,8.145595E-03,3.130145E-03,1.238656E-03,4.597282E-04,1.719536E-04,6.954249E-05,2.767371E-05,7.913100E-06,1.882449E-06,3.722203E-07,5.943237E-08
-6.71787,39.10000,0.00000,8.337507E-01,8.216369E-01,7.983797E-01,7.586534E-01,6.978624E-01,6.149641E-01,5.151699E-01,4.090686E-01,3.077904E-01,2.186790E-01,1.394249E-01,8.042978E-02,4.150768E-02,1.904895E-02,7.850011E-03,3.086856E-03,1.215601E-03,4.579158E-04,1.713978E-04,7.016537E-05,2.801273E-05,7.797975E-06,1.837902E-06,3.581449E-07,5.601939E-08
-6.71787,39.20000,0.00000,8.326435E-01,8.202631E-01,7.965910E-01,7.563036E-01,6.948949E-01,6.115105E-01,5.115584E-01,4.056804E-01,3.048854E-01,2.157282E-01,1.365406E-01,7.849661E-02,4.038059E-02,1.849154E-02,7.618391E-03,3.048524E-03,1.195170E-03,4.556875E-04,1.703067E-04,7.017680E-05,2.806502E-05,7.749749E-06,1.820079E-06,3.526846E-07,5.472547E-08
-6.71787,39.30000,0.00000,8.299465E-01,8.173093E-01,7.932233E-01,7.523765E-01,6.903692E-01,6.065584E-01,5.065611E-01,4.010752E-01,3.009808E-01,2.077997E-01,1.312212E-01,7.530705E-02,3.870776E-02,1.773808E-02,7.330372E-03,2.988609E-03,1.175495E-03,4.547532E-04,1.724696E-04,7.299340E-05,2.807383E-05,7.758393E-06,1.828919E-06,3.560698E-07,5.560207E-08
-6.71787,39.40000,0.00000,8.160294E-01,8.031105E-01,7.785318E-01,7.370408E-01,6.745021E-01,5.906922E-01,4.915626E-01,3.790327E-01,2.741800E-01,1.860611E-01,1.170470E-01,6.710473E-02,3.454585E-02,1.588802E-02,6.600228E-03,2.732391E-03,1.091366E-03,4.187636E-04,1.697723E-04,7.533866E-05,2.745470E-05,7.708734E-06,1.842453E-06,3.635836E-07,5.765592E-08
-6.71787,39.50000,0.00000,8.132599E-01,8.001180E-01,7.751875E-01,7.332385E-01,6.702462E-01,5.861750E-01,4.836751E-01,3.704317E-01,2.673143E-01,1.810007E-01,1.136089E-01,6.499382E-02,3.340799E-02,1.536437E-02,6.399118E-03,2.688575E-03,1.077073E-03,4.148782E-04,1.715536E-04,7.741267E-05,2.752033E-05,7.759509E-06,1.865421E-06,3.710897E-07,5.947517E-08
-6.71787,39.60000,0.00000,8.137712E-01,8.003504E-01,7.749841E-01,7.324494E-01,6.687797E-01,5.801948E-01,4.700871E-01,3.590590E-01,2.586461E-01,1.749313E-01,1.097056E-01,6.271768E-02,3.223125E-02,1.483831E-02,6.242806E-03,2.633051E-03,1.057311E-03,4.088711E-04,1.675248E-04,7.393034E-05,2.746444E-05,7.760633E-06,1.868988E-06,3.724165E-07,5.978750E-08
-6.71787,39.70000,0.00000,8.079709E-01,7.943022E-01,7.654533E-01,7.150294E-01,6.413485E-01,5.464937E-01,4.396510E-01,3.336938E-01,2.391162E-01,1.610661E-01,1.007297E-01,5.751281E-02,2.957603E-02,1.366328E-02,5.923838E-03,2.478180E-03,9.901742E-04,3.837106E-04,1.604562E-04,6.917185E-05,2.696178E-05,7.651704E-06,1.842277E-06,3.654875E-07,5.821622E-08
-6.71787,39.80000,0.00000,7.898312E-01,7.726495E-01,7.410162E-01,6.895867E-01,6.155182E-01,5.216246E-01,4.173762E-01,3.152336E-01,2.249326E-01,1.509922E-01,9.420699E-02,5.374837E-02,2.768493E-02,1.285301E-02,5.693367E-03,2.384647E-03,9.560614E-04,3.726229E-04,1.565101E-04,6.641245E-05,2.660980E-05,7.535737E-06,1.802093E-06,3.534220E-07,5.538154E-08
-6.71787,39.90000,0.00000,7.664217E-01,7.487352E-01,7.164063E-01,6.644039E-01,5.904931E-01,4.980949E-01,3.968092E-01,2.985943E-01,2.124484E-01,1.423203E-01,8.869950E-02,5.061585E-02,2.612487E-02,1.246039E-02,5.571688E-03,2.326736E-03,9.316186E-04,3.634346E-04,1.541150E-04,6.517021E-05,2.613265E-05,7.372397E-06,1.748744E-06,3.385681E-07,5.210124E-08
-6.71787,40.00000,0.00000,7.462232E-01,7.280930E-01,6.951837E-01,6.427431E-01,5.690439E-01,4.779927E-01,3.792593E-01,2.843706E-01,2.017175E-01,1.348016E-01,8.387325E-02,4.784064E-02,2.472797E-02,1.187807E-02,5.309571E-03,2.218381E-03,8.902926E-04,3.547035E-04,1.516308E-04,6.408129E-05,2.553419E-05,7.192369E-06,1.696352E-06,3.252395E-07,4.935407E-08
-6.71787,40.10000,0.00000,7.091109E-01,6.909073E-01,6.580430E-01,6.061950E-01,5.342831E-01,4.466817E-01,3.528946E-01,2.636789E-01,1.865755E-01,1.245219E-01,7.749483E-02,4.429796E-02,2.360272E-02,1.149197E-02,5.115628E-03,2.129894E-03,8.539307E-04,3.496152E-04,1.504428E-04,6.406443E-05,2.518803E-05,7.126005E-06,1.683614E-06,3.226844E-07,4.886737E-08
-6.71787,40.20000,0.00000,7.090684E-01,6.903550E-01,6.567886E-01,6.041468E-01,5.315431E-01,4.435802E-01,3.498635E-01,2.610566E-01,1.844990E-01,1.229752E-01,7.640697E-02,4.359173E-02,2.259440E-02,1.075081E-02,4.785294E-03,1.993203E-03,8.144479E-04,3.462810E-04,1.490370E-04,6.336639E-05,2.474034E-05,7.076808E-06,1.688138E-06,3.265586E-07,4.996498E-08
-6.71787,40.30000,0.00000,6.767735E-01,6.580982E-01,6.247772E-01,5.729486E-01,5.022174E-01,4.174690E-01,3.280711E-01,2.440371E-01,1.720480E-01,1.144931E-01,7.111261E-02,4.063120E-02,2.158719E-02,1.044738E-02,4.615008E-03,1.903758E-03,7.969558E-04,3.414279E-04,1.471335E-04,6.234308E-05,2.354249E-05,6.841809E-06,1.662515E-06,3.282268E-07,5.137142E-08
-6.71787,40.40000,0.00000,6.181658E-01,6.005399E-01,5.690573E-01,5.203261E-01,4.544206E-01,3.762733E-01,2.949440E-01,2.198744E-01,1.557260E-01,1.044367E-01,6.570252E-02,3.817583E-02,2.024209E-02,9.969760E-03,4.359646E-03,1.796909E-03,7.734406E-04,3.347714E-04,1.446048E-04,5.779801E-05,1.896738E-05,5.449318E-06,1.322731E-06,2.629579E-07,4.166928E-08
-6.71787,40.50000,0.00000,6.029900E-01,5.856184E-01,5.546905E-01,5.070311E-01,4.429176E-01,3.673027E-01,2.886597E-01,2.155354E-01,1.521534E-01,1.016800E-01,6.357661E-02,3.708345E-02,1.960667E-02,9.673566E-03,4.181533E-03,1.756862E-03,7.578162E-04,3.274016E-04,1.317115E-04,4.372793E-05,1.296474E-05,3.300761E-06,6.983200E-07,1.193952E-07,1.606041E-08
-6.71787,40.60000,0.00000,5.972877E-01,5.794657E-01,5.479221E-01,4.995865E-01,4.349118E-01,3.590136E-01,2.810446E-01,2.087858E-01,1.472947E-01,9.887667E-02,6.206032E-02,3.584544E-02,1.922997E-02,9.240275E-03,4.007626E-03,1.730983E-03,7.496732E-04,3.252232E-04,1.314444E-04,4.506867E-05,1.414543E-05,3.936075E-06,9.432953E-07,1.895292E-07,3.112181E-08
-6.71787,40.70000,0.00000,5.764174E-01,5.592858E-01,5.291262E-01,4.828663E-01,4.202934E-01,3.472154E-01,2.715378E-01,2.008383E-01,1.417679E-01,9.494753E-02,5.980252E-02,3.460185E-02,1.858289E-02,8.937860E-03,3.886026E-03,1.702701E-03,7.437009E-04,3.250766E-04,1.323684E-04,4.598144E-05,1.456968E-05,4.071291E-06,9.752202E-07,1.953467E-07,3.197631E-08
-6.71787,40.80000,0.00000,5.216289E-01,5.061403E-01,4.785404E-01,4.362251E-01,3.798349E-01,3.140434E-01,2.462574E-01,1.836615E-01,1.307136E-01,8.874033E-02,5.715347E-02,3.299409E-02,1.765623E-02,8.774868E-03,3.869734E-03,1.656346E-03,7.347489E-04,3.246853E-04,1.414150E-04,5.153468E-05,1.687607E-05,4.861806E-06,1.195227E-06,2.443234E-07,4.057560E-08
-6.71787,40.90000,0.00000,5.213647E-01,5.055012E-01,4.774166E-01,4.346122E-01,3.778779E-01,3.120030E-01,2.444004E-01,1.821487E-01,1.295712E-01,8.791376E-02,5.557654E-02,3.197405E-02,1.742445E-02,8.633629E-03,3.805210E-03,1.637212E-03,7.284699E-04,3.225450E-04,1.403112E-04,5.347366E-05,1.744238E-05,4.971188E-06,1.201548E-06,2.401945E-07,3.882420E-08
-6.71787,41.00000,0.00000,5.075118E-01,4.918369E-01,4.641616E-01,4.221200E-01,3.666079E-01,3.023938E-01,2.367046E-01,1.763553E-01,1.254610E-01,8.517428E-02,5.454622E-02,3.141614E-02,1.696301E-02,8.463658E-03,3.780001E-03,1.616060E-03,7.243066E-04,3.226975E-04,1.408884E-04,5.377192E-05,1.741002E-05,4.908739E-06,1.169013E-06,2.291450E-07,3.610860E-08
-6.71787,41.10000,0.00000,5.004768E-01,4.847102E-01,4.570055E-01,4.151204E-01,3.600731E-01,2.966681E-01,2.320324E-01,1.727960E-01,1.229099E-01,8.344620E-02,5.370994E-02,3.096739E-02,1.663044E-02,8.316346E-03,3.758842E-03,1.600548E-03,7.222916E-04,3.239301E-04,1.420642E-04,5.377954E-05,1.732876E-05,4.852797E-06,1.144651E-06,2.214012E-07,3.426790E-08
-6.71787,41.20000,0.00000,4.714897E-01,4.567034E-01,4.306446E-01,3.912098E-01,3.393955E-01,2.797556E-01,2.189815E-01,1.632761E-01,1.163430E-01,7.919638E-02,5.123889E-02,3.022013E-02,1.599455E-02,8.063387E-03,3.709947E-03,1.579185E-03,7.195743E-04,3.253519E-04,1.434780E-04,5.384618E-05,1.732390E-05,4.842704E-06,1.139756E-06,2.198282E-07,3.390085E-08
-6.71787,41.30000,0.00000,4.609371E-01,4.463581E-01,4.207265E-01,3.820347E-01,3.313348E-01,2.731200E-01,2.138998E-01,1.596487E-01,1.139132E-01,7.766028E-02,5.032107E-02,2.971810E-02,1.574512E-02,7.957263E-03,3.689918E-03,1.570208E-03,7.193288E-04,3.270471E-04,1.448281E-04,5.405100E-05,1.740753E-05,4.878440E-06,1.153385E-06,2.240048E-07,3.488596E-08
-6.71787,41.40000,0.00000,4.442875E-01,4.301454E-01,4.053016E-01,3.678628E-01,3.189173E-01,2.628462E-01,2.059074E-01,1.537935E-01,1.098646E-01,7.502703E-02,4.872901E-02,2.904298E-02,1.545779E-02,7.836521E-03,3.663759E-03,1.557085E-03,7.190449E-04,3.298036E-04,1.473334E-04,5.431096E-05,1.753261E-05,4.936428E-06,1.176071E-06,2.309828E-07,3.652315E-08
-6.71787,41.50000,0.00000,4.388987E-01,4.246540E-01,3.997585E-01,3.624305E-01,3.138626E-01,2.584633E-01,2.023946E-01,1.511843E-01,1.080478E-01,7.382644E-02,4.797086E-02,2.889829E-02,1.538785E-02,7.830258E-03,3.664939E-03,1.546651E-03,7.185908E-04,3.326419E-04,1.504495E-04,5.453023E-05,1.763447E-05,4.983508E-06,1.194450E-06,2.366230E-07,3.784092E-08
-6.71787,41.60000,0.00000,4.228517E-01,4.090537E-01,3.849618E-01,3.488993E-01,3.020784E-01,2.487844E-01,1.949272E-01,1.457646E-01,1.043369E-01,7.143365E-02,4.653178E-02,2.802771E-02,1.503905E-02,7.674532E-03,3.624717E-03,1.533801E-03,7.174797E-04,3.355839E-04,1.528200E-04,5.460438E-05,1.765775E-05,4.992391E-06,1.197675E-06,2.375692E-07,3.805089E-08
-6.71787,41.70000,0.00000,4.014323E-01,3.884237E-01,3.656565E-01,3.315363E-01,2.872221E-01,2.367803E-01,1.857905E-01,1.392051E-01,9.989356E-02,6.861089E-02,4.487092E-02,2.673823E-02,1.448525E-02,7.420265E-03,3.547948E-03,1.519814E-03,7.142706E-04,3.357765E-04,1.527603E-04,5.450823E-05,1.758720E-05,4.955488E-06,1.182790E-06,2.329535E-07,3.696368E-08
-6.71787,41.80000,0.00000,3.863716E-01,3.738040E-01,3.518207E-01,3.189158E-01,2.762520E-01,2.277733E-01,1.788300E-01,1.341350E-01,9.640249E-02,6.634308E-02,4.349331E-02,2.649294E-02,1.439215E-02,7.383767E-03,3.542421E-03,1.514123E-03,7.122191E-04,3.357133E-04,1.527281E-04,5.433002E-05,1.745647E-05,4.887975E-06,1.155826E-06,2.246845E-07,3.503953E-08
-6.71787,41.90000,0.00000,3.831888E-01,3.703863E-01,3.481408E-01,3.150572E-01,2.724251E-01,2.242589E-01,1.758679E-01,1.318349E-01,9.473681E-02,6.520208E-02,4.274812E-02,2.644010E-02,1.437734E-02,7.306298E-03,3.553651E-03,1.520854E-03,7.073600E-04,3.322949E-04,1.527518E-04,5.415248E-05,1.732146E-05,4.818085E-06,1.128082E-06,2.162428E-07,3.309450E-08
-6.71787,42.00000,0.00000,3.700269E-01,3.575588E-01,3.359297E-01,3.038316E-01,2.625746E-01,2.160846E-01,1.694806E-01,1.271330E-01,9.146588E-02,6.305090E-02,4.141630E-02,2.533887E-02,1.392671E-02,7.126997E-03,3.501425E-03,1.510032E-03,6.992602E-04,3.266204E-04,1.495918E-04,5.407039E-05,1.723988E-05,4.773842E-06,1.110403E-06,2.108874E-07,3.187052E-08
-6.71787,42.10000,0.00000,3.429323E-01,3.316661E-01,3.119765E-01,2.825870E-01,2.446477E-01,2.017480E-01,1.586160E-01,1.193179E-01,8.613771E-02,5.963502E-02,3.938469E-02,2.454441E-02,1.358820E-02,6.897897E-03,3.445183E-03,1.504821E-03,6.890516E-04,3.200652E-04,1.443159E-04,5.417918E-05,1.724945E-05,4.771414E-06,1.108786E-06,2.103619E-07,3.175027E-08
-6.71787,42.20000,0.00000,3.423341E-01,3.307078E-01,3.105501E-01,2.806880E-01,2.424167E-01,1.994319E-01,1.564735E-01,1.175232E-01,8.474507E-02,5.861120E-02,3.866252E-02,2.413557E-02,1.356372E-02,6.781589E-03,3.370143E-03,1.517049E-03,6.792389E-04,3.146160E-04,1.409242E-04,5.452978E-05,1.735660E-05,4.810094E-06,1.122454E-06,2.143521E-07,3.265119E-08
-6.61787,36.90000,0.00000,8.212945E-01,7.855329E-01,7.359362E-01,6.724176E-01,5.968546E-01,5.127234E-01,4.244858E-01,3.371561E-01,2.558666E-01,1.850320E-01,1.273655E-01,8.341862E-02,5.195001E-02,3.072265E-02,1.722211E-02,9.125898E-03,4.549468E-03,2.116559E-03,9.075109E-04,3.523531E-04,1.211342E-04,3.594238E-05,8.965378E-06,1.833599E-06,3.002998E-07
-6.61787,37.00000,0.00000,8.190652E-01,7.835749E-01,7.339306E-01,6.699361E-01,5.935459E-01,5.085013E-01,4.195606E-01,3.318964E-01,2.506473E-01,1.801737E-01,1.231326E-01,7.999653E-02,4.940103E-02,2.897614E-02,1.611902E-02,8.482572E-03,4.204174E-03,1.948326E-03,8.350627E-04,3.257646E-04,1.131490E-04,3.406230E-05,8.637459E-06,1.796131E-06,2.989570E-07
-6.61787,37.10000,0.00000,8.216084E-01,7.859996E-01,7.358838E-01,6.709300E-01,5.931436E-01,5.065231E-01,4.161576E-01,3.274740E-01,2.457262E-01,1.752786E-01,1.187086E-01,7.634564E-02,4.664112E-02,2.705986E-02,1.489651E-02,7.769667E-03,3.827972E-03,1.770728E-03,7.607527E-04,2.984248E-04,1.044044E-04,3.168051E-05,8.101894E-06,1.700368E-06,2.859518E-07
-6.61787,37.20000,0.00000,8.253857E-01,7.895451E-01,7.388319E-01,6.727595E-01,5.933596E-01,5.048810E-01,4.127842E-01,3.228071E-01,2.403698E-01,1.698527E-01,1.137422E-01,7.219467E-02,4.345851E-02,2.481364E-02,1.343535E-02,6.895081E-03,3.348682E-03,1.532137E-03,6.541324E-04,2.563704E-04,9.009396E-05,2.758610E-05,7.140840E-06,1.519166E-06,2.589875E-07
-6.61787,37.30000,0.00000,8.266634E-01,7.906682E-01,7.394646E-01,6.724179E-01,5.915790E-01,5.014403E-01,4.078365E-01,3.168304E-01,2.339961E-01,1.636848E-01,1.082356E-01,6.761863E-02,3.990546E-02,2.223607E-02,1.169193E-02,5.797806E-03,2.706521E-03,1.183215E-03,4.793291E-04,1.769926E-04,5.828057E-05,1.668133E-05,4.039933E-06,8.064355E-07,1.293801E-07
-6.61787,37.40000,0.00000,8.242846E-01,7.882303E-01,7.366378E-01,6.687526E-01,5.866802E-01,4.951953E-01,4.005187E-01,3.089984E-01,2.262875E-01,1.566506E-01,1.022655E-01,6.291242E-02,3.647085E-02,1.991860E-02,1.024429E-02,4.958693E-03,2.255743E-03,9.608602E-04,3.805482E-04,1.384795E-04,4.544564E-05,1.310351E-05,3.218036E-06,6.522704E-07,1.059610E-07
-6.61787,37.50000,0.00000,8.224588E-01,7.862066E-01,7.340798E-01,6.652052E-01,5.817218E-01,4.886822E-01,3.927282E-01,3.005781E-01,2.180172E-01,1.492158E-01,9.611747E-02,5.823354E-02,3.320232E-02,1.783037E-02,9.027882E-03,4.314512E-03,1.947092E-03,8.282192E-04,3.301017E-04,1.217773E-04,4.072804E-05,1.200103E-05,3.016215E-06,6.267243E-07,1.046818E-07
-6.61787,37.60000,0.00000,8.240787E-01,7.874157E-01,7.345498E-01,6.644704E-01,5.793485E-01,4.844973E-01,3.869890E-01,2.939072E-01,2.111854E-01,1.429118E-01,9.081134E-02,5.413978E-02,3.030373E-02,1.594645E-02,7.902259E-03,3.695195E-03,1.633039E-03,6.812861E-04,2.664420E-04,9.618400E-05,3.128938E-05,8.906599E-06,2.152338E-06,4.295340E-07,6.902130E-08
-6.61787,37.70000,0.00000,8.251308E-01,7.880038E-01,7.343622E-01,6.630875E-01,5.764006E-01,4.798989E-01,3.810642E-01,2.872952E-01,2.046010E-01,1.369351E-01,8.580672E-02,5.025811E-02,2.752114E-02,1.410853E-02,6.784242E-03,3.067600E-03,1.307584E-03,5.260066E-04,1.990757E-04,7.011740E-05,2.250133E-05,6.384539E-06,1.548564E-06,3.109975E-07,5.023732E-08
-6.61787,37.80000,0.00000,8.248632E-01,7.872717E-01,7.328829E-01,6.605043E-01,5.724318E-01,4.745448E-01,3.747049E-01,2.805691E-01,1.981584E-01,1.312539E-01,8.114024E-02,4.667906E-02,2.496942E-02,1.242584E-02,5.759057E-03,2.489017E-03,1.004266E-03,3.784761E-04,1.330174E-04,4.329884E-05,1.284887E-05,3.388273E-06,7.692825E-07,1.456167E-07,2.227900E-08
-6.61787,37.90000,0.00000,8.245514E-01,7.863789E-01,7.311391E-01,6.576025E-01,5.681629E-01,4.689935E-01,3.683152E-01,2.740033E-01,1.920503E-01,1.260351E-01,7.700595E-02,4.364514E-02,2.292395E-02,1.117108E-02,5.062729E-03,2.139877E-03,8.461352E-04,3.140449E-04,1.096811E-04,3.593829E-05,1.087964E-05,2.953982E-06,6.926425E-07,1.351632E-07,2.125144E-08
-6.61787,38.00000,0.00000,8.205786E-01,7.819539E-01,7.260027E-01,6.515124E-01,5.610378E-01,4.610648E-01,3.601437E-01,2.662842E-01,1.853537E-01,1.206680E-01,7.302547E-02,4.092841E-02,2.123892E-02,1.023689E-02,4.608241E-03,1.950211E-03,7.805530E-04,2.964191E-04,1.065503E-04,3.585320E-05,1.105385E-05,3.030676E-06,7.144621E-07,1.402228E-07,2.224253E-08
-6.61787,38.10000,0.00000,8.180308E-01,7.789247E-01,7.222701E-01,6.468849E-01,5.554954E-01,4.548721E-01,3.538257E-01,2.604248E-01,1.803911E-01,1.168105E-01,7.027891E-02,3.915985E-02,2.023518E-02,9.756297E-03,4.421873E-03,1.894453E-03,7.973835E-04,3.184989E-04,1.207565E-04,4.243226E-05,1.340608E-05,3.693221E-06,8.628972E-07,1.668998E-07,2.611049E-08
-6.61787,38.20000,0.00000,8.164337E-01,7.766197E-01,7.190565E-01,6.426397E-01,5.502964E-01,4.490702E-01,3.479772E-01,2.550981E-01,1.759892E-01,1.135054E-01,6.804057E-02,3.782463E-02,1.937168E-02,8.898513E-03,3.914432E-03,1.695088E-03,7.383707E-04,3.244505E-04,1.414531E-04,5.912187E-05,2.029944E-05,6.047476E-06,1.514309E-06,3.100730E-07,5.067726E-08
-6.61787,38.30000,0.00000,8.646792E-01,8.541311E-01,8.335640E-01,7.976470E-01,7.410357E-01,6.610881E-01,5.612307E-01,4.513966E-01,3.436515E-01,2.469369E-01,1.658633E-01,1.025302E-01,5.746894E-02,2.901960E-02,1.217654E-02,4.586895E-03,1.626545E-03,5.702221E-04,1.909703E-04,6.130098E-05,1.995198E-05,6.445412E-06,1.669867E-06,3.234096E-07,5.066794E-08
-6.61787,38.40000,0.00000,8.564638E-01,8.456583E-01,8.245986E-01,7.879169E-01,7.303694E-01,6.496077E-01,5.494747E-01,4.401896E-01,3.337897E-01,2.389173E-01,1.598201E-01,9.831239E-02,5.475608E-02,2.619076E-02,1.068264E-02,3.914019E-03,1.425664E-03,4.910518E-04,1.590805E-04,5.339356E-05,1.815180E-05,6.094474E-06,1.758068E-06,3.437171E-07,5.428532E-08
-6.61787,38.50000,0.00000,8.556990E-01,8.447033E-01,8.233230E-01,7.861645E-01,7.280267E-01,6.467074E-01,5.462680E-01,4.370731E-01,3.310945E-01,2.367895E-01,1.582546E-01,9.725357E-02,5.412746E-02,2.508784E-02,1.018796E-02,3.749056E-03,1.366689E-03,4.758440E-04,1.558531E-04,5.282506E-05,1.806518E-05,6.086223E-06,1.826147E-06,3.605680E-07,5.787807E-08
-6.61787,38.60000,0.00000,8.500975E-01,8.389031E-01,8.171642E-01,7.794894E-01,7.207959E-01,6.391399E-01,5.388663E-01,4.304350E-01,3.256466E-01,2.326692E-01,1.553809E-01,9.543160E-02,5.202290E-02,2.383862E-02,9.671348E-03,3.575588E-03,1.346631E-03,4.627499E-04,1.562243E-04,5.234473E-05,1.798117E-05,6.073023E-06,1.918632E-06,3.913690E-07,6.421777E-08
-6.61787,38.70000,0.00000,8.505069E-01,8.391048E-01,8.170310E-01,7.788869E-01,7.196335E-01,6.374611E-01,5.368985E-01,4.284944E-01,3.239604E-01,2.313127E-01,1.543464E-01,9.470662E-02,4.983791E-02,2.276036E-02,9.221585E-03,3.559453E-03,1.347666E-03,4.463937E-04,1.540532E-04,5.185097E-05,1.742328E-05,5.808189E-06,1.829386E-06,4.010950E-07,6.615190E-08
-6.61787,38.80000,0.00000,8.454604E-01,8.338045E-01,8.112936E-01,7.725310E-01,7.126051E-01,6.299688E-01,5.294338E-01,4.216346E-01,3.181201E-01,2.266566E-01,1.508671E-01,9.008860E-02,4.634389E-02,2.102130E-02,8.440466E-03,3.350229E-03,1.239586E-03,4.133933E-04,1.421240E-04,4.888255E-05,1.682569E-05,5.689635E-06,1.811900E-06,3.943667E-07,6.463190E-08
-6.61787,38.90000,0.00000,8.404204E-01,8.284856E-01,8.055043E-01,7.660800E-01,7.054337E-01,6.222851E-01,5.217386E-01,4.145121E-01,3.119971E-01,2.217188E-01,1.471233E-01,8.634979E-02,4.431153E-02,2.006277E-02,8.048754E-03,3.102919E-03,1.144488E-03,3.977224E-04,1.354454E-04,4.776360E-05,1.667173E-05,5.689629E-06,1.813934E-06,3.780627E-07,6.088502E-08
-6.61787,39.00000,0.00000,8.324386E-01,8.202483E-01,7.968276E-01,7.568067E-01,6.955883E-01,6.122186E-01,5.120888E-01,4.059546E-01,3.049779E-01,2.163818E-01,1.409684E-01,8.100996E-02,4.151922E-02,1.881616E-02,7.580851E-03,3.040604E-03,1.125777E-03,3.946971E-04,1.367601E-04,4.871654E-05,1.690610E-05,5.723452E-06,1.821196E-06,3.603518E-07,5.661280E-08
-6.61787,39.10000,0.00000,8.326607E-01,8.202327E-01,7.964433E-01,7.559236E-01,6.941455E-01,6.103098E-01,5.099742E-01,4.039392E-01,3.032510E-01,2.149919E-01,1.366986E-01,7.836401E-02,4.007881E-02,1.814508E-02,7.319069E-03,2.978561E-03,1.118644E-03,3.965794E-04,1.397708E-04,5.036832E-05,1.723591E-05,5.783744E-06,1.801212E-06,3.468450E-07,5.338574E-08
-6.61787,39.20000,0.00000,8.316329E-01,8.189440E-01,7.947444E-01,7.536719E-01,6.912875E-01,6.069734E-01,5.064786E-01,4.006521E-01,3.004186E-01,2.079325E-01,1.311121E-01,7.503384E-02,3.834327E-02,1.736971E-02,7.027323E-03,2.885624E-03,1.101634E-03,4.014307E-04,1.455592E-04,5.267242E-05,1.742029E-05,6.038294E-06,1.781637E-06,3.411110E-07,5.206343E-08
-6.61787,39.30000,0.00000,8.253636E-01,8.124073E-01,7.877640E-01,7.461036E-01,6.831493E-01,5.985605E-01,4.983271E-01,3.933217E-01,2.932742E-01,1.991307E-01,1.249919E-01,7.123060E-02,3.625504E-02,1.635435E-02,6.582510E-03,2.694634E-03,1.007743E-03,3.892650E-04,1.438463E-04,5.082234E-05,1.800961E-05,6.323829E-06,1.777190E-06,3.423943E-07,5.256354E-08
-6.61787,39.40000,0.00000,8.127101E-01,7.995070E-01,7.744397E-01,7.322451E-01,6.689001E-01,5.844518E-01,4.834371E-01,3.698209E-01,2.664538E-01,1.800993E-01,1.128036E-01,6.431771E-02,3.285209E-02,1.492580E-02,6.319191E-03,2.554181E-03,9.811079E-04,3.815680E-04,1.419855E-04,5.263681E-05,1.963312E-05,7.070253E-06,1.796956E-06,3.491110E-07,5.417345E-08
-6.61787,39.50000,0.00000,8.109259E-01,7.974842E-01,7.720414E-01,7.293566E-01,6.655057E-01,5.807101E-01,4.793417E-01,3.659921E-01,2.632286E-01,1.775614E-01,1.109282E-01,6.305629E-02,3.211416E-02,1.456486E-02,6.200448E-03,2.513652E-03,9.658436E-04,3.773009E-04,1.443299E-04,5.556742E-05,2.306699E-05,7.641876E-06,1.818190E-06,3.559250E-07,5.576911E-08
-6.61787,39.60000,0.00000,8.043721E-01,7.906568E-01,7.647726E-01,7.215186E-01,6.571348E-01,5.721095E-01,4.649871E-01,3.540003E-01,2.540814E-01,1.711329E-01,1.067671E-01,6.060869E-02,3.083752E-02,1.399232E-02,5.866495E-03,2.447468E-03,9.233971E-04,3.583460E-04,1.437343E-04,5.911223E-05,2.684525E-05,7.605749E-06,1.820889E-06,3.582861E-07,5.641192E-08
-6.61787,39.70000,0.00000,7.980461E-01,7.840842E-01,7.578037E-01,7.112578E-01,6.367564E-01,5.411705E-01,4.339675E-01,3.281800E-01,2.342392E-01,1.570993E-01,9.774810E-02,5.544356E-02,2.825122E-02,1.287587E-02,5.685739E-03,2.289026E-03,8.813987E-04,3.466931E-04,1.412651E-04,5.513152E-05,2.262194E-05,7.566749E-06,1.810366E-06,3.554053E-07,5.575324E-08
-6.61787,39.80000,0.00000,7.828223E-01,7.653672E-01,7.332872E-01,6.812772E-01,6.066725E-01,5.125660E-01,4.086641E-01,3.074561E-01,2.184976E-01,1.460470E-01,9.067985E-02,5.141966E-02,2.626092E-02,1.230729E-02,5.499759E-03,2.210464E-03,8.645011E-04,3.408315E-04,1.374097E-04,5.067658E-05,1.976340E-05,7.033378E-06,1.783824E-06,3.478208E-07,5.403765E-08
-6.61787,39.90000,0.00000,7.652290E-01,7.472848E-01,7.145294E-01,6.619174E-01,5.872881E-01,4.942460E-01,3.926201E-01,2.944901E-01,2.087948E-01,1.393242E-01,8.641505E-02,4.899347E-02,2.505215E-02,1.175129E-02,5.265491E-03,2.157144E-03,8.525314E-04,3.365783E-04,1.335853E-04,4.808000E-05,1.833155E-05,6.465064E-06,1.740534E-06,3.367802E-07,5.173244E-08
-6.61787,40.00000,0.00000,7.423716E-01,7.240191E-01,6.907524E-01,6.378390E-01,5.636689E-01,4.723442E-01,3.737176E-01,2.793539E-01,1.975188E-01,1.315269E-01,8.147766E-02,4.619370E-02,2.366478E-02,1.144304E-02,5.109790E-03,2.105905E-03,8.441129E-04,3.359820E-04,1.298213E-04,4.772965E-05,1.818912E-05,6.428052E-06,1.697303E-06,3.264832E-07,4.971814E-08
-6.61787,40.10000,0.00000,7.089209E-01,6.904514E-01,6.571556E-01,6.047038E-01,5.320883E-01,4.438536E-01,3.497013E-01,2.604907E-01,1.837051E-01,1.221402E-01,7.564588E-02,4.295029E-02,2.272243E-02,1.104162E-02,4.882789E-03,2.043124E-03,8.236524E-04,3.257657E-04,1.254839E-04,4.766694E-05,1.817466E-05,6.460483E-06,1.692394E-06,3.266661E-07,4.989867E-08
-6.61787,40.20000,0.00000,6.850569E-01,6.664350E-01,6.330576E-01,5.808901E-01,5.093599E-01,4.233213E-01,3.323494E-01,2.468000E-01,1.736013E-01,1.151957E-01,7.126821E-02,4.047674E-02,2.143922E-02,1.040429E-02,4.619756E-03,1.922663E-03,7.741039E-04,3.077464E-04,1.197693E-04,4.684142E-05,1.796774E-05,6.400909E-06,1.705770E-06,3.338081E-07,5.182689E-08
-6.61787,40.30000,0.00000,6.480725E-01,6.297539E-01,5.970327E-01,5.462522E-01,4.772907E-01,3.951950E-01,3.092006E-01,2.289439E-01,1.606857E-01,1.064940E-01,6.667919E-02,3.883578E-02,2.050938E-02,9.950059E-03,4.434446E-03,1.829685E-03,7.294742E-04,2.876267E-04,1.153787E-04,4.600553E-05,1.763409E-05,6.292129E-06,1.691075E-06,3.397171E-07,5.437212E-08
-6.61787,40.40000,0.00000,6.156311E-01,5.977854E-01,5.659608E-01,5.167938E-01,4.504626E-01,3.720625E-01,2.904670E-01,2.147077E-01,1.518467E-01,1.017902E-01,6.385355E-02,3.686515E-02,1.938521E-02,9.486891E-03,4.185992E-03,1.698124E-03,6.672493E-04,2.759297E-04,1.123397E-04,4.454972E-05,1.676936E-05,5.474715E-06,1.341788E-06,2.707934E-07,4.390428E-08
-6.61787,40.50000,0.00000,5.974858E-01,5.798072E-01,5.483766E-01,5.000297E-01,4.351468E-01,3.588642E-01,2.798399E-01,2.067071E-01,1.457192E-01,9.743818E-02,6.103023E-02,3.524468E-02,1.877025E-02,9.063789E-03,3.933923E-03,1.584413E-03,6.602102E-04,2.736061E-04,1.119202E-04,4.438617E-05,1.492162E-05,4.128538E-06,9.675862E-07,1.869462E-07,2.906983E-08
-6.61787,40.60000,0.00000,5.974662E-01,5.793443E-01,5.473352E-01,4.983869E-01,4.330544E-01,3.566211E-01,2.777655E-01,2.050020E-01,1.435833E-01,9.506240E-02,5.925626E-02,3.448091E-02,1.825226E-02,8.723911E-03,3.783956E-03,1.570491E-03,6.576920E-04,2.742077E-04,1.130862E-04,4.543168E-05,1.523511E-05,4.400923E-06,1.087579E-06,2.229147E-07,3.687546E-08
-6.61787,40.70000,0.00000,5.636477E-01,5.469202E-01,5.170310E-01,4.709763E-01,4.091383E-01,3.371539E-01,2.630246E-01,1.940292E-01,1.363926E-01,9.107027E-02,5.718420E-02,3.316562E-02,1.760800E-02,8.529588E-03,3.706886E-03,1.541459E-03,6.532940E-04,2.751117E-04,1.143064E-04,4.485831E-05,1.423620E-05,3.960648E-06,9.372126E-07,1.838780E-07,2.922770E-08
-6.61787,40.80000,0.00000,5.165207E-01,5.009461E-01,4.732261E-01,4.308032E-01,3.744128E-01,3.088371E-01,2.415384E-01,1.796559E-01,1.275273E-01,8.635261E-02,5.496714E-02,3.154857E-02,1.692493E-02,8.326728E-03,3.691352E-03,1.509285E-03,6.494811E-04,2.765901E-04,1.155962E-04,4.671185E-05,1.647600E-05,4.715505E-06,1.143302E-06,2.286689E-07,3.685554E-08
-6.61787,40.90000,0.00000,5.158731E-01,4.999316E-01,4.717450E-01,4.288652E-01,3.721781E-01,3.065765E-01,2.395185E-01,1.780302E-01,1.263143E-01,8.549083E-02,5.440790E-02,3.122413E-02,1.671928E-02,8.232825E-03,3.693861E-03,1.515004E-03,6.520672E-04,2.805704E-04,1.185596E-04,4.846997E-05,1.710103E-05,4.842823E-06,1.155708E-06,2.264939E-07,3.561891E-08
-6.61787,41.00000,0.00000,5.053638E-01,4.895099E-01,4.615705E-01,4.192210E-01,3.634495E-01,2.991381E-01,2.335872E-01,1.735943E-01,1.231844E-01,8.340485E-02,5.291032E-02,3.041876E-02,1.634827E-02,8.076117E-03,3.651405E-03,1.509496E-03,6.524466E-04,2.830389E-04,1.202347E-04,4.923234E-05,1.712327E-05,4.800506E-06,1.130718E-06,2.179037E-07,3.354055E-08
-6.61787,41.10000,0.00000,4.896564E-01,4.740779E-01,4.466921E-01,4.053136E-01,3.510207E-01,2.886411E-01,2.252514E-01,1.673621E-01,1.187870E-01,8.049080E-02,5.177699E-02,3.014686E-02,1.587746E-02,7.934107E-03,3.649443E-03,1.514996E-03,6.527302E-04,2.850629E-04,1.214901E-04,4.973726E-05,1.708940E-05,4.760526E-06,1.112015E-06,2.119433E-07,3.214889E-08
-6.61787,41.20000,0.00000,4.702758E-01,4.552668E-01,4.288805E-01,3.890603E-01,3.369044E-01,2.770872E-01,2.163732E-01,1.609442E-01,1.144125E-01,7.769184E-02,5.011893E-02,2.940838E-02,1.546748E-02,7.788545E-03,3.608130E-03,1.507340E-03,6.539715E-04,2.875756E-04,1.230706E-04,5.041827E-05,1.712104E-05,4.759697E-06,1.109476E-06,2.109485E-07,3.190462E-08
-6.61787,41.30000,0.00000,4.585471E-01,4.437656E-01,4.178472E-01,3.788421E-01,3.279070E-01,2.696509E-01,2.106410E-01,1.568162E-01,1.116230E-01,7.592240E-02,4.907276E-02,2.887344E-02,1.520840E-02,7.701940E-03,3.588051E-03,1.506190E-03,6.605925E-04,2.934806E-04,1.268363E-04,5.238492E-05,1.722380E-05,4.797008E-06,1.122270E-06,2.146104E-07,3.272206E-08
-6.61787,41.40000,0.00000,4.404725E-01,4.262441E-01,4.012928E-01,3.637743E-01,3.148547E-01,2.589905E-01,2.024607E-01,1.509053E-01,1.075898E-01,7.333168E-02,4.752558E-02,2.854205E-02,1.514856E-02,7.698669E-03,3.593039E-03,1.511409E-03,6.636041E-04,2.973691E-04,1.293752E-04,5.358186E-05,1.735322E-05,4.852479E-06,1.142927E-06,2.207216E-07,3.410092E-08
-6.61787,41.50000,0.00000,4.314840E-01,4.173310E-01,3.926097E-01,3.555887E-01,3.075135E-01,2.528131E-01,1.976136E-01,1.473526E-01,1.051416E-01,7.174022E-02,4.655313E-02,2.765470E-02,1.477509E-02,7.542972E-03,3.550043E-03,1.502918E-03,6.650108E-04,3.003966E-04,1.317421E-04,5.416457E-05,1.746096E-05,4.900584E-06,1.161157E-06,2.261506E-07,3.532868E-08
-6.61787,41.60000,0.00000,4.119079E-01,3.983892E-01,3.747625E-01,3.393948E-01,2.935183E-01,2.413886E-01,1.888289E-01,1.409799E-01,1.007737E-01,6.892694E-02,4.487404E-02,2.723337E-02,1.460811E-02,7.437249E-03,3.531524E-03,1.499644E-03,6.650193E-04,3.028323E-04,1.340640E-04,5.427024E-05,1.750310E-05,4.918656E-06,1.167961E-06,2.281785E-07,3.578618E-08
-6.61787,41.70000,0.00000,4.035639E-01,3.901174E-01,3.667080E-01,3.318067E-01,2.867163E-01,2.356695E-01,1.843525E-01,1.377167E-01,9.854768E-02,6.750074E-02,4.401650E-02,2.612757E-02,1.413654E-02,7.255168E-03,3.472031E-03,1.485490E-03,6.654683E-04,3.044721E-04,1.356541E-04,5.423455E-05,1.746614E-05,4.898606E-06,1.159989E-06,2.257752E-07,3.523991E-08
-6.61787,41.80000,0.00000,3.815367E-01,3.689697E-01,3.470170E-01,3.142179E-01,2.717909E-01,2.237171E-01,1.753364E-01,1.312972E-01,9.422794E-02,6.476685E-02,4.240880E-02,2.609417E-02,1.414132E-02,7.169974E-03,3.482142E-03,1.490649E-03,6.688948E-04,3.086333E-04,1.390102E-04,5.410219E-05,1.737088E-05,4.850266E-06,1.141072E-06,2.201043E-07,3.395572E-08
-6.61787,41.90000,0.00000,3.711276E-01,3.587362E-01,3.371572E-01,3.050246E-01,2.636042E-01,2.168299E-01,1.698874E-01,1.272365E-01,9.136448E-02,6.285309E-02,4.120306E-02,2.487515E-02,1.364262E-02,7.010761E-03,3.422990E-03,1.477913E-03,6.668592E-04,3.083852E-04,1.392796E-04,5.397573E-05,1.727024E-05,4.797992E-06,1.120480E-06,2.139300E-07,3.255834E-08
-6.61787,42.00000,0.00000,3.564034E-01,3.444518E-01,3.236500E-01,2.927106E-01,2.528945E-01,2.080132E-01,1.630405E-01,1.222174E-01,8.788717E-02,6.058269E-02,3.981757E-02,2.476406E-02,1.360855E-02,6.842115E-03,3.388449E-03,1.483686E-03,6.609031E-04,3.047662E-04,1.367400E-04,5.393275E-05,1.721560E-05,4.767909E-06,1.108524E-06,2.103389E-07,3.174501E-08
-6.61787,42.10000,0.00000,3.458737E-01,3.341649E-01,3.138242E-01,2.836404E-01,2.448991E-01,2.013470E-01,1.578111E-01,1.183596E-01,8.520608E-02,5.882631E-02,3.873486E-02,2.406644E-02,1.331412E-02,6.690036E-03,3.321654E-03,1.480115E-03,6.533603E-04,2.999408E-04,1.331677E-04,5.405659E-05,1.724737E-05,4.778208E-06,1.112076E-06,2.113834E-07,3.198380E-08
-6.61787,42.20000,0.00000,3.256603E-01,3.147733E-01,2.957830E-01,2.675144E-01,2.311567E-01,1.902213E-01,1.492533E-01,1.120910E-01,8.083333E-02,5.593758E-02,3.694728E-02,2.310960E-02,1.300171E-02,6.627325E-03,3.237539E-03,1.488696E-03,6.452598E-04,2.964087E-04,1.312971E-04,5.438870E-05,1.737412E-05,4.830968E-06,1.131808E-06,2.172792E-07,3.333189E-08
-6.51787,36.90000,0.00000,8.119280E-01,7.751898E-01,7.246661E-01,6.605443E-01,5.849047E-01,5.012568E-01,4.139481E-01,3.278600E-01,2.480047E-01,1.786942E-01,1.225189E-01,7.990798E-02,4.953671E-02,2.914700E-02,1.624763E-02,8.559348E-03,4.243191E-03,1.964703E-03,8.395056E-04,3.252914E-04,1.117183E-04,3.311698E-05,8.242302E-06,1.677706E-06,2.725371E-07
-6.51787,37.00000,0.00000,8.147878E-01,7.779838E-01,7.270203E-01,6.619763E-01,5.850244E-01,4.999583E-01,4.114332E-01,3.245084E-01,2.442382E-01,1.749079E-01,1.190597E-01,7.703077E-02,4.735731E-02,2.763727E-02,1.528643E-02,7.995664E-03,3.940552E-03,1.818183E-03,7.770538E-04,3.025613E-04,1.049023E-04,3.150977E-05,7.967733E-06,1.651081E-06,2.736148E-07
-6.51787,37.10000,0.00000,8.186248E-01,7.816118E-01,7.300596E-01,6.639156E-01,5.854159E-01,4.986195E-01,4.085383E-01,3.204891E-01,2.396508E-01,1.703052E-01,1.149020E-01,7.362123E-02,4.480970E-02,2.589750E-02,1.419971E-02,7.377569E-03,3.624001E-03,1.674696E-03,7.206752E-04,2.837907E-04,9.974868E-05,3.039020E-05,7.791274E-06,1.636152E-06,2.747993E-07
-6.51787,37.20000,0.00000,8.193535E-01,7.822997E-01,7.303544E-01,6.633338E-01,5.835264E-01,4.952670E-01,4.039250E-01,3.150790E-01,2.339912E-01,1.648923E-01,1.101149E-01,6.969422E-02,4.182703E-02,2.380485E-02,1.284690E-02,6.573720E-03,3.186065E-03,1.456963E-03,6.229190E-04,2.449304E-04,8.644752E-05,2.658713E-05,6.907158E-06,1.472642E-06,2.511599E-07
-6.51787,37.30000,0.00000,8.156069E-01,7.786165E-01,7.263823E-01,6.586120E-01,5.776854E-01,4.882476E-01,3.960507E-01,3.069165E-01,2.261420E-01,1.578401E-01,1.041725E-01,6.499491E-02,3.833780E-02,2.136982E-02,1.124787E-02,5.585553E-03,2.612221E-03,1.144916E-03,4.654866E-04,1.726311E-04,5.708853E-05,1.639565E-05,3.978870E-06,7.947372E-07,1.274164E-07
-6.51787,37.40000,0.00000,8.172039E-01,7.799439E-01,7.270700E-01,6.581572E-01,5.756415E-01,4.844609E-01,3.907668E-01,3.006991E-01,2.196773E-01,1.517508E-01,9.891326E-02,6.081203E-02,3.527459E-02,1.930615E-02,9.967858E-03,4.853295E-03,2.225976E-03,9.586448E-04,3.850260E-04,1.424260E-04,4.753595E-05,1.390904E-05,3.451641E-06,7.033767E-07,1.143318E-07
-6.51787,37.50000,0.00000,8.196350E-01,7.819300E-01,7.282503E-01,6.580414E-01,5.737830E-01,4.806931E-01,3.853407E-01,2.942365E-01,2.129594E-01,1.454967E-01,9.362699E-02,5.673125E-02,3.239240E-02,1.744477E-02,8.870250E-03,4.263604E-03,1.938177E-03,8.314926E-04,3.343893E-04,1.243915E-04,4.189272E-05,1.240708E-05,3.126926E-06,6.496958E-07,1.081652E-07
-6.51787,37.60000,0.00000,8.191624E-01,7.811807E-01,7.268949E-01,6.556428E-01,5.699500E-01,4.753155E-01,3.787139E-01,2.869835E-01,2.058020E-01,1.390516E-01,8.828917E-02,5.265576E-02,2.952646E-02,1.559164E-02,7.769038E-03,3.661687E-03,1.634711E-03,6.895105E-04,2.721599E-04,9.875187E-05,3.213869E-05,9.123414E-06,2.196923E-06,4.373791E-07,7.025983E-08
-6.51787,37.70000,0.00000,8.190933E-01,7.806986E-01,7.256817E-01,6.532922E-01,5.661382E-01,4.700204E-01,3.723044E-01,2.800918E-01,1.990885E-01,1.330314E-01,8.327716E-02,4.877883E-02,2.675160E-02,1.375993E-02,6.653495E-03,3.032908E-03,1.306304E-03,5.314278E-04,2.030372E-04,7.189493E-05,2.309294E-05,6.541297E-06,1.583650E-06,3.179646E-07,5.146816E-08
-6.51787,37.80000,0.00000,8.164968E-01,7.777851E-01,7.221512E-01,6.487820E-01,5.604048E-01,4.631234E-01,3.646698E-01,2.723529E-01,1.918575E-01,1.267477E-01,7.817619E-02,4.491941E-02,2.404155E-02,1.199656E-02,5.586828E-03,2.430170E-03,9.878369E-04,3.751298E-04,1.327356E-04,4.342326E-05,1.292580E-05,3.415593E-06,7.773432E-07,1.476998E-07,2.272539E-08
-6.51787,37.90000,0.00000,8.136476E-01,7.745166E-01,7.181834E-01,6.438261E-01,5.543108E-01,4.560545E-01,3.571241E-01,2.649808E-01,1.852217E-01,1.211908E-01,7.382783E-02,4.175065E-02,2.191105E-02,1.068664E-02,4.853433E-03,2.056566E-03,8.150179E-04,3.031777E-04,1.062592E-04,3.502611E-05,1.069252E-05,2.931079E-06,6.940851E-07,1.368297E-07,2.175814E-08
-6.51787,38.00000,0.00000,8.145930E-01,7.747468E-01,7.174251E-01,6.417961E-01,5.508509E-01,4.512875E-01,3.515013E-01,2.591492E-01,1.798084E-01,1.166362E-01,7.032982E-02,3.929906E-02,2.035415E-02,9.800664E-03,4.407893E-03,1.861937E-03,7.428411E-04,2.811827E-04,1.010209E-04,3.415443E-05,1.064032E-05,2.959362E-06,7.090053E-07,1.415346E-07,2.286383E-08
-6.51787,38.10000,0.00000,8.132041E-01,7.727397E-01,7.145647E-01,6.378849E-01,5.458693E-01,4.455076E-01,3.454522E-01,2.534307E-01,1.748910E-01,1.127701E-01,6.755424E-02,3.749880E-02,1.932052E-02,9.196023E-03,3.983055E-03,1.675021E-03,7.010851E-04,2.957191E-04,1.118626E-04,3.922228E-05,1.243595E-05,3.460907E-06,8.222660E-07,1.626958E-07,2.617854E-08
-6.51787,38.20000,0.00000,8.136783E-01,7.723618E-01,7.131040E-01,6.351701E-01,5.419173E-01,4.406184E-01,3.401642E-01,2.483560E-01,1.705268E-01,1.093919E-01,6.520971E-02,3.606537E-02,1.791105E-02,8.101498E-03,3.497915E-03,1.483710E-03,6.337196E-04,2.743514E-04,1.187315E-04,5.013784E-05,1.921915E-05,5.822000E-06,1.496558E-06,3.181260E-07,5.466659E-08
-6.51787,38.30000,0.00000,8.562406E-01,8.453186E-01,8.240779E-01,7.871629E-01,7.293928E-01,6.485236E-01,5.484662E-01,4.393940E-01,3.332078E-01,2.384779E-01,1.594784E-01,9.806924E-02,5.461044E-02,2.639186E-02,1.070228E-02,3.883458E-03,1.376484E-03,4.582644E-04,1.476444E-04,4.673289E-05,1.542664E-05,5.117776E-06,1.402842E-06,2.637597E-07,3.997695E-08
-6.51787,38.40000,0.00000,8.523387E-01,8.412330E-01,8.196508E-01,7.822071E-01,7.237697E-01,6.422801E-01,5.419274E-01,4.330993E-01,3.276791E-01,2.340202E-01,1.561533E-01,9.577867E-02,5.317547E-02,2.509255E-02,1.010421E-02,3.659519E-03,1.300255E-03,4.335624E-04,1.423221E-04,4.588592E-05,1.512634E-05,5.056622E-06,1.597617E-06,3.280021E-07,5.176420E-08
-6.51787,38.50000,0.00000,8.532267E-01,8.419420E-01,8.200648E-01,7.821833E-01,7.231805E-01,6.411048E-01,5.403378E-01,4.314052E-01,3.261528E-01,2.327786E-01,1.551983E-01,9.509369E-02,5.266181E-02,2.397446E-02,9.609188E-03,3.504108E-03,1.308277E-03,4.197177E-04,1.395661E-04,4.558324E-05,1.519100E-05,5.083055E-06,1.606519E-06,3.485214E-07,5.537461E-08
-6.51787,38.60000,0.00000,8.488169E-01,8.373098E-01,8.150415E-01,7.765929E-01,7.169504E-01,6.344051E-01,5.336275E-01,4.252687E-01,3.210372E-01,2.288647E-01,1.524495E-01,9.335065E-02,4.990228E-02,2.264370E-02,9.059957E-03,3.478560E-03,1.281929E-03,4.269153E-04,1.364220E-04,4.505123E-05,1.510810E-05,5.081240E-06,1.605823E-06,3.760092E-07,6.059580E-08
-6.51787,38.70000,0.00000,8.446754E-01,8.329291E-01,8.102491E-01,7.712120E-01,7.109137E-01,6.278853E-01,5.270744E-01,4.192331E-01,3.159240E-01,2.248296E-01,1.494649E-01,9.074404E-02,4.649257E-02,2.092461E-02,8.283162E-03,3.205892E-03,1.143967E-03,3.792204E-04,1.221267E-04,4.099474E-05,1.415329E-05,4.769129E-06,1.518271E-06,3.821822E-07,6.170105E-08
-6.51787,38.80000,0.00000,8.420095E-01,8.300316E-01,8.069653E-01,7.673882E-01,7.064956E-01,6.230320E-01,5.221761E-01,4.147525E-01,3.121782E-01,2.219248E-01,1.473724E-01,8.634262E-02,4.412812E-02,1.981919E-02,7.833918E-03,3.046224E-03,1.096422E-03,3.609122E-04,1.172802E-04,3.985670E-05,1.391382E-05,4.721938E-06,1.508491E-06,3.757564E-07,6.006358E-08
-6.51787,38.90000,0.00000,8.373782E-01,8.251209E-01,8.015830E-01,7.613428E-01,6.997244E-01,6.157336E-01,5.148331E-01,4.079362E-01,3.063053E-01,2.171775E-01,1.437648E-01,8.326843E-02,4.241322E-02,1.900289E-02,7.508635E-03,2.938605E-03,1.072511E-03,3.568140E-04,1.171403E-04,4.004912E-05,1.388155E-05,4.737363E-06,1.510202E-06,3.613860E-07,5.684302E-08
-6.51787,39.00000,0.00000,8.310382E-01,8.185380E-01,7.945873E-01,7.537940E-01,6.916422E-01,6.074247E-01,5.068640E-01,4.008937E-01,3.005601E-01,2.128265E-01,1.364682E-01,7.806795E-02,3.975023E-02,1.783652E-02,7.078607E-03,2.806586E-03,1.045680E-03,3.533107E-04,1.176649E-04,4.055191E-05,1.410741E-05,4.739412E-06,1.515811E-06,3.469716E-07,5.343942E-08
-6.51787,39.10000,0.00000,8.318780E-01,8.191446E-01,7.948395E-01,7.535678E-01,6.908742E-01,6.061927E-01,5.053940E-01,3.994519E-01,2.993037E-01,2.092250E-01,1.314573E-01,7.481386E-02,3.787494E-02,1.688321E-02,6.900338E-03,2.710973E-03,9.881948E-04,3.357538E-04,1.137731E-04,4.006132E-05,1.422316E-05,4.738930E-06,1.519874E-06,3.365182E-07,5.099880E-08
-6.51787,39.20000,0.00000,8.265904E-01,8.135672E-01,7.887871E-01,7.468765E-01,6.835312E-01,5.984548E-01,4.977725E-01,3.924958E-01,2.933278E-01,1.989057E-01,1.246360E-01,7.082496E-02,3.585393E-02,1.601086E-02,6.472080E-03,2.527263E-03,9.728573E-04,3.279860E-04,1.166074E-04,4.193713E-05,1.507171E-05,4.950466E-06,1.588222E-06,3.321135E-07,5.016124E-08
-6.51787,39.30000,0.00000,8.162003E-01,8.029394E-01,7.777563E-01,7.353432E-01,6.716269E-01,5.866563E-01,4.867977E-01,3.830217E-01,2.813678E-01,1.902680E-01,1.189583E-01,6.748684E-02,3.413979E-02,1.526060E-02,6.304048E-03,2.446631E-03,9.669253E-04,3.343950E-04,1.208216E-04,4.431775E-05,1.544821E-05,5.095760E-06,1.621693E-06,3.357903E-07,5.103661E-08
-6.51787,39.40000,0.00000,8.070328E-01,7.935280E-01,7.679362E-01,7.250107E-01,6.608807E-01,5.759118E-01,4.767036E-01,3.659333E-01,2.628160E-01,1.769932E-01,1.103481E-01,6.252286E-02,3.165274E-02,1.420001E-02,6.123069E-03,2.375920E-03,9.547677E-04,3.415517E-04,1.265978E-04,4.811704E-05,1.641314E-05,5.388940E-06,1.697993E-06,3.444854E-07,5.308421E-08
-6.51787,39.50000,0.00000,8.058046E-01,7.920324E-01,7.660297E-01,7.225549E-01,6.578321E-01,5.723978E-01,4.651717E-01,3.537877E-01,2.535927E-01,1.705589E-01,1.062259E-01,6.013105E-02,3.042619E-02,1.366027E-02,5.853333E-03,2.286741E-03,9.031362E-04,3.519689E-04,1.340798E-04,4.843626E-05,1.708112E-05,6.066030E-06,1.806697E-06,3.539048E-07,5.540833E-08
-6.51787,39.60000,0.00000,8.034727E-01,7.894560E-01,7.630725E-01,7.191122E-01,6.516103E-01,5.550131E-01,4.457754E-01,3.373653E-01,2.407857E-01,1.613430E-01,1.001604E-01,5.654643E-02,2.856440E-02,1.282696E-02,5.628058E-03,2.191845E-03,8.849443E-04,3.493016E-04,1.328101E-04,5.073884E-05,2.083464E-05,7.613624E-06,1.827707E-06,3.608945E-07,5.709003E-08
-6.51787,39.70000,0.00000,7.970255E-01,7.798642E-01,7.481459E-01,6.963307E-01,6.213334E-01,5.258960E-01,4.197698E-01,3.159146E-01,2.244089E-01,1.498013E-01,9.275702E-02,5.232300E-02,2.647439E-02,1.234811E-02,5.323110E-03,2.117473E-03,8.579050E-04,3.407882E-04,1.313741E-04,5.259323E-05,2.394535E-05,7.600896E-06,1.829242E-06,3.620184E-07,5.741770E-08
-6.51787,39.80000,0.00000,7.665167E-01,7.488041E-01,7.163161E-01,6.638997E-01,5.892359E-01,4.958258E-01,3.935750E-01,2.947958E-01,2.086296E-01,1.389094E-01,8.590796E-02,4.848573E-02,2.460438E-02,1.181707E-02,5.056924E-03,2.025610E-03,8.240430E-04,3.295687E-04,1.272827E-04,4.877731E-05,1.945106E-05,7.373099E-06,1.809023E-06,3.568742E-07,5.630871E-08
-6.51787,39.90000,0.00000,7.654410E-01,7.472303E-01,7.140368E-01,6.607941E-01,5.853986E-01,4.916276E-01,3.895369E-01,2.913347E-01,2.059102E-01,1.369049E-01,8.452395E-02,4.761551E-02,2.412518E-02,1.136723E-02,4.969486E-03,1.979480E-03,7.840498E-04,3.146774E-04,1.222890E-04,4.705321E-05,1.686711E-05,5.976942E-06,1.762782E-06,3.459572E-07,5.411394E-08
-6.51787,40.00000,0.00000,7.130305E-01,6.947179E-01,6.615546E-01,6.090759E-01,5.361120E-01,4.471393E-01,3.519945E-01,2.618066E-01,1.842620E-01,1.222037E-01,7.542761E-02,4.277192E-02,2.279449E-02,1.073014E-02,4.643041E-03,1.893938E-03,7.513999E-04,3.012328E-04,1.181730E-04,4.526057E-05,1.644023E-05,5.910636E-06,1.711396E-06,3.345999E-07,5.197170E-08
-6.51787,40.10000,0.00000,7.036723E-01,6.849578E-01,6.512766E-01,5.983388E-01,5.252793E-01,4.368634E-01,3.429725E-01,2.544857E-01,1.787391E-01,1.183244E-01,7.292149E-02,4.114941E-02,2.186819E-02,1.041775E-02,4.536639E-03,1.866383E-03,7.456829E-04,2.941421E-04,1.156953E-04,4.388726E-05,1.617018E-05,5.844473E-06,1.705522E-06,3.352833E-07,5.233574E-08
-6.51787,40.20000,0.00000,6.746001E-01,6.559125E-01,6.224443E-01,5.702440E-01,4.989083E-01,4.134692E-01,3.235744E-01,2.394748E-01,1.678782E-01,1.110101E-01,6.840675E-02,3.896493E-02,2.077552E-02,9.919750E-03,4.367271E-03,1.819944E-03,7.348715E-04,2.897338E-04,1.131706E-04,4.260910E-05,1.591454E-05,5.779009E-06,1.724642E-06,3.446291E-07,5.484897E-08
-6.51787,40.30000,0.00000,6.469752E-01,6.284072E-01,5.952917E-01,5.439892E-01,4.744737E-01,3.919568E-01,3.058315E-01,2.257760E-01,1.579586E-01,1.043073E-01,6.457484E-02,3.764445E-02,1.970789E-02,9.445368E-03,4.203048E-03,1.739672E-03,6.925673E-04,2.734761E-04,1.066180E-04,4.053900E-05,1.564352E-05,5.706566E-06,1.673530E-06,3.437259E-07,5.662331E-08
-6.51787,40.40000,0.00000,6.151050E-01,5.969781E-01,5.647171E-01,5.149813E-01,4.480500E-01,3.691844E-01,2.874075E-01,2.117801E-01,1.486548E-01,9.941059E-02,6.220142E-02,3.576781E-02,1.862344E-02,9.001287E-03,4.006383E-03,1.615649E-03,6.241771E-04,2.426662E-04,9.801229E-05,3.900903E-05,1.490084E-05,4.890536E-06,1.169217E-06,2.302642E-07,3.658978E-08
-6.51787,40.50000,0.00000,5.965297E-01,5.785980E-01,5.467767E-01,4.979263E-01,4.325278E-01,3.558744E-01,2.767551E-01,2.039356E-01,1.435398E-01,9.577863E-02,5.983179E-02,3.436922E-02,1.803720E-02,8.768770E-03,3.783416E-03,1.508017E-03,5.931506E-04,2.422370E-04,9.848414E-05,3.924136E-05,1.411064E-05,3.914334E-06,9.222584E-07,1.798948E-07,2.838637E-08
-6.51787,40.60000,0.00000,5.724512E-01,5.554559E-01,5.249482E-01,4.780610E-01,4.150048E-01,3.415197E-01,2.660566E-01,1.963880E-01,1.374538E-01,9.121344E-02,5.702824E-02,3.309931E-02,1.729397E-02,8.459351E-03,3.640438E-03,1.444982E-03,5.909246E-04,2.435853E-04,9.998069E-05,4.036017E-05,1.316842E-05,3.651777E-06,8.585243E-07,1.663726E-07,2.592629E-08
-6.51787,40.70000,0.00000,5.444818E-01,5.277611E-01,4.981537E-01,4.529785E-01,3.930320E-01,3.234390E-01,2.521988E-01,1.869240E-01,1.317089E-01,8.757043E-02,5.419268E-02,3.148226E-02,1.669585E-02,8.176622E-03,3.536048E-03,1.413720E-03,5.892663E-04,2.453797E-04,1.014369E-04,4.111379E-05,1.345974E-05,3.740895E-06,8.802643E-07,1.706546E-07,2.660315E-08
-6.51787,40.80000,0.00000,5.188506E-01,5.028559E-01,4.744987E-01,4.312582E-01,3.739946E-01,3.076719E-01,2.399062E-01,1.778777E-01,1.258491E-01,8.490656E-02,5.405009E-02,3.091764E-02,1.631433E-02,7.937790E-03,3.569998E-03,1.443812E-03,5.905764E-04,2.485210E-04,1.033229E-04,4.189235E-05,1.588231E-05,4.544757E-06,1.096283E-06,2.167932E-07,3.430885E-08
-6.51787,40.90000,0.00000,5.060872E-01,4.902995E-01,4.623731E-01,4.199110E-01,3.638629E-01,2.991535E-01,2.332034E-01,1.729322E-01,1.224119E-01,8.265726E-02,5.291421E-02,3.036524E-02,1.595057E-02,7.825485E-03,3.562259E-03,1.457578E-03,5.965804E-04,2.547941E-04,1.075116E-04,4.421225E-05,1.664428E-05,4.713067E-06,1.120507E-06,2.177629E-07,3.378385E-08
-6.51787,41.00000,0.00000,4.992788E-01,4.833674E-01,4.553608E-01,4.129900E-01,3.573377E-01,2.933811E-01,2.284511E-01,1.692837E-01,1.197814E-01,8.087450E-02,5.179020E-02,2.987612E-02,1.564063E-02,7.775886E-03,3.557128E-03,1.467158E-03,6.017559E-04,2.592420E-04,1.099269E-04,4.523034E-05,1.676955E-05,4.702480E-06,1.105324E-06,2.119339E-07,3.234654E-08
-6.51787,41.10000,0.00000,4.817783E-01,4.662746E-01,4.390271E-01,3.979021E-01,3.440476E-01,2.823394E-01,2.198383E-01,1.629640E-01,1.154090E-01,7.803599E-02,5.008778E-02,2.899575E-02,1.521857E-02,7.619409E-03,3.516015E-03,1.463371E-03,6.045176E-04,2.620663E-04,1.113889E-04,4.578247E-05,1.682168E-05,4.689193E-06,1.094659E-06,2.081516E-07,3.143780E-08
-6.51787,41.20000,0.00000,4.728318E-01,4.573852E-01,4.303398E-01,3.896881E-01,3.366627E-01,2.761206E-01,2.149639E-01,1.593980E-01,1.129560E-01,7.644462E-02,4.912167E-02,2.845601E-02,1.496731E-02,7.540738E-03,3.500503E-03,1.466334E-03,6.085319E-04,2.655247E-04,1.133704E-04,4.670685E-05,1.697349E-05,4.723366E-06,1.101266E-06,2.092601E-07,3.160225E-08
-6.51787,41.30000,0.00000,4.570542E-01,4.420389E-01,4.157835E-01,3.763900E-01,3.251230E-01,2.667120E-01,2.077920E-01,1.542758E-01,1.095181E-01,7.428242E-02,4.786336E-02,2.820693E-02,1.491742E-02,7.561490E-03,3.518160E-03,1.478260E-03,6.181934E-04,2.729333E-04,1.178099E-04,4.897087E-05,1.718613E-05,4.793255E-06,1.122780E-06,2.149838E-07,3.282894E-08
-6.51787,41.40000,0.00000,4.440845E-01,4.293617E-01,4.036696E-01,3.652212E-01,3.153285E-01,2.586355E-01,2.015589E-01,1.497646E-01,1.064430E-01,7.231088E-02,4.668636E-02,2.783158E-02,1.475437E-02,7.445460E-03,3.506135E-03,1.479626E-03,6.232821E-04,2.772509E-04,1.202276E-04,5.000561E-05,1.737558E-05,4.870298E-06,1.150722E-06,2.232027E-07,3.469370E-08
-6.51787,41.50000,0.00000,4.213752E-01,4.074476E-01,3.831051E-01,3.466629E-01,2.993988E-01,2.457321E-01,1.917184E-01,1.426837E-01,1.016289E-01,6.923795E-02,4.487420E-02,2.688123E-02,1.436523E-02,7.275789E-03,3.462067E-03,1.471329E-03,6.256131E-04,2.802294E-04,1.220659E-04,5.081809E-05,1.752798E-05,4.938727E-06,1.176941E-06,2.311414E-07,3.652815E-08
-6.51787,41.60000,0.00000,4.090064E-01,3.953704E-01,3.715892E-01,3.360791E-01,2.901532E-01,2.381432E-01,1.858969E-01,1.385060E-01,9.881546E-02,6.746078E-02,4.382904E-02,2.589586E-02,1.394032E-02,7.146864E-03,3.409131E-03,1.459268E-03,6.275317E-04,2.826240E-04,1.236852E-04,5.161754E-05,1.760858E-05,4.975539E-06,1.191306E-06,2.355617E-07,3.756610E-08
-6.51787,41.70000,0.00000,3.992030E-01,3.857274E-01,3.623011E-01,3.274410E-01,2.825134E-01,2.317992E-01,1.809821E-01,1.349505E-01,9.640294E-02,6.592280E-02,4.291185E-02,2.569335E-02,1.387834E-02,7.068209E-03,3.410429E-03,1.462234E-03,6.299677E-04,2.851177E-04,1.253119E-04,5.243344E-05,1.759724E-05,4.968117E-06,1.188335E-06,2.346929E-07,3.737697E-08
-6.51787,41.80000,0.00000,3.812661E-01,3.684101E-01,3.460436E-01,3.127649E-01,2.699067E-01,2.215717E-01,1.731656E-01,1.293136E-01,9.256200E-02,6.346089E-02,4.144485E-02,2.550695E-02,1.380578E-02,6.917490E-03,3.378362E-03,1.464009E-03,6.359296E-04,2.907033E-04,1.290867E-04,5.427634E-05,1.751279E-05,4.924565E-06,1.170981E-06,2.293768E-07,3.614218E-08
-6.51787,41.90000,0.00000,3.657047E-01,3.533427E-01,3.318400E-01,2.998760E-01,2.587663E-01,2.124746E-01,1.661667E-01,1.242322E-01,8.907250E-02,6.119940E-02,4.007468E-02,2.444088E-02,1.336844E-02,6.765646E-03,3.324673E-03,1.453157E-03,6.369516E-04,2.923052E-04,1.302063E-04,5.413180E-05,1.741006E-05,4.871565E-06,1.149758E-06,2.228386E-07,3.461284E-08
-6.51787,42.00000,0.00000,3.484246E-01,3.366703E-01,3.161998E-01,2.857592E-01,2.466231E-01,2.025839E-01,1.585553E-01,1.186941E-01,8.526190E-02,5.873388E-02,3.859150E-02,2.399741E-02,1.319577E-02,6.600304E-03,3.261202E-03,1.452731E-03,6.330933E-04,2.905307E-04,1.291868E-04,5.408024E-05,1.735638E-05,4.842045E-06,1.137726E-06,2.190994E-07,3.372954E-08
-6.51787,42.10000,0.00000,3.428115E-01,3.310210E-01,3.105833E-01,2.803314E-01,2.416157E-01,1.982380E-01,1.550351E-01,1.160318E-01,8.337013E-02,5.745947E-02,3.777250E-02,2.344700E-02,1.295767E-02,6.469043E-03,3.202863E-03,1.450311E-03,6.274509E-04,2.875772E-04,1.274330E-04,5.378603E-05,1.739930E-05,4.859312E-06,1.144184E-06,2.210461E-07,3.417852E-08
-6.51787,42.20000,0.00000,3.253699E-01,3.142175E-01,2.948475E-01,2.661404E-01,2.293864E-01,1.882050E-01,1.471998E-01,1.101956E-01,7.922723E-02,5.467792E-02,3.603030E-02,2.248897E-02,1.272972E-02,6.498142E-03,3.185274E-03,1.464951E-03,6.212129E-04,2.855755E-04,1.267511E-04,5.361270E-05,1.755080E-05,4.926989E-06,1.170483E-06,2.291420E-07,3.608511E-08
-6.41787,36.90000,0.00000,8.010277E-01,7.633868E-01,7.120240E-01,6.474087E-01,5.718413E-01,4.888918E-01,4.027992E-01,3.182508E-01,2.400714E-01,1.724242E-01,1.177893E-01,7.650723E-02,4.720325E-02,2.761314E-02,1.527920E-02,7.973290E-03,3.906465E-03,1.783847E-03,7.506771E-04,2.865161E-04,9.716284E-05,2.857153E-05,7.096475E-06,1.450683E-06,2.380601E-07
-6.41787,37.00000,0.00000,8.053434E-01,7.674804E-01,7.154968E-01,6.497653E-01,5.726998E-01,4.881633E-01,4.007142E-01,3.152293E-01,2.365795E-01,1.688949E-01,1.145821E-01,7.386760E-02,4.523040E-02,2.626801E-02,1.443937E-02,7.493107E-03,3.656953E-03,1.667954E-03,7.037558E-04,2.705233E-04,9.280270E-05,2.770913E-05,7.009327E-06,1.463091E-06,2.458289E-07
-6.41787,37.10000,0.00000,8.090270E-01,7.709804E-01,7.184186E-01,6.515956E-01,5.730044E-01,4.867928E-01,3.978639E-01,3.113473E-01,2.322134E-01,1.645704E-01,1.107224E-01,7.074007E-02,4.292301E-02,2.471597E-02,1.348801E-02,6.964779E-03,3.394436E-03,1.553477E-03,6.610142E-04,2.572752E-04,8.954960E-05,2.714044E-05,6.966593E-06,1.475327E-06,2.516215E-07
-6.41787,37.20000,0.00000,8.070554E-01,7.690769E-01,7.162168E-01,6.486318E-01,5.689218E-01,4.815499E-01,3.917727E-01,3.049187E-01,2.259626E-01,1.589046E-01,1.059191E-01,6.694285E-02,4.013774E-02,2.282708E-02,1.230632E-02,6.284298E-03,3.035042E-03,1.380495E-03,5.859959E-04,2.285062E-04,8.003767E-05,2.450437E-05,6.370341E-06,1.367765E-06,2.364710E-07
-6.41787,37.30000,0.00000,8.086539E-01,7.704427E-01,7.169634E-01,6.482506E-01,5.669895E-01,4.779545E-01,3.867982E-01,2.991308E-01,2.200046E-01,1.533226E-01,1.010842E-01,6.304307E-02,3.720418E-02,2.077025E-02,1.096311E-02,5.467169E-03,2.571511E-03,1.135318E-03,4.657089E-04,1.745379E-04,5.841985E-05,1.700584E-05,4.188512E-06,8.502840E-07,1.387926E-07
-6.41787,37.40000,0.00000,8.105642E-01,7.721216E-01,7.180355E-01,6.482048E-01,5.653613E-01,4.745593E-01,3.818568E-01,2.932023E-01,2.137976E-01,1.474874E-01,9.608199E-02,5.910370E-02,3.434753E-02,1.886449E-02,9.794924E-03,4.809355E-03,2.231275E-03,9.745672E-04,3.974410E-04,1.491362E-04,5.035945E-05,1.486636E-05,3.716421E-06,7.632030E-07,1.252686E-07
-6.41787,37.50000,0.00000,8.119341E-01,7.731423E-01,7.183337E-01,6.472964E-01,5.628431E-01,4.703333E-01,3.762270E-01,2.867729E-01,2.072766E-01,1.415071E-01,9.108079E-02,5.527844E-02,3.166607E-02,1.713656E-02,8.767988E-03,4.245467E-03,1.945096E-03,8.398796E-04,3.381636E-04,1.246542E-04,4.104530E-05,1.173872E-05,2.834186E-06,5.623397E-07,8.936826E-08
-6.41787,37.60000,0.00000,8.130955E-01,7.738495E-01,7.182273E-01,6.459170E-01,5.598046E-01,4.655557E-01,3.700397E-01,2.798285E-01,2.003267E-01,1.351998E-01,8.584297E-02,5.129008E-02,2.888722E-02,1.537155E-02,7.748509E-03,3.710492E-03,1.654578E-03,7.090307E-04,2.945742E-04,1.090829E-04,3.607510E-05,1.036489E-05,2.520676E-06,5.068707E-07,8.242586E-08
-6.41787,37.70000,0.00000,8.100719E-01,7.705493E-01,7.143252E-01,6.410327E-01,5.536822E-01,4.582589E-01,3.619988E-01,2.716780E-01,1.926825E-01,1.285171E-01,8.038266E-02,4.713134E-02,2.594920E-02,1.344993E-02,6.582311E-03,3.050644E-03,1.341388E-03,5.585107E-04,2.183729E-04,7.890436E-05,2.574750E-05,7.379351E-06,1.803761E-06,3.656483E-07,5.987375E-08
-6.41787,37.80000,0.00000,8.084465E-01,7.685227E-01,7.115931E-01,6.372508E-01,5.486325E-01,4.520220E-01,3.549966E-01,2.645186E-01,1.859458E-01,1.226145E-01,7.553259E-02,4.339288E-02,2.325518E-02,1.164059E-02,5.449974E-03,2.389477E-03,9.814885E-04,3.770940E-04,1.348301E-04,4.441055E-05,1.325582E-05,3.504891E-06,7.989253E-07,1.525920E-07,2.372002E-08
-6.41787,37.90000,0.00000,8.092501E-01,7.686786E-01,7.107874E-01,6.351461E-01,5.450327E-01,4.470502E-01,3.491113E-01,2.583539E-01,1.800966E-01,1.175110E-01,7.141486E-02,4.033029E-02,2.116885E-02,1.034339E-02,4.712231E-03,2.004238E-03,7.972084E-04,2.975006E-04,1.045554E-04,3.456001E-05,1.058991E-05,2.920209E-06,6.979500E-07,1.394406E-07,2.257389E-08
-6.41787,38.00000,0.00000,8.110449E-01,7.697153E-01,7.107787E-01,6.337919E-01,5.421685E-01,4.427865E-01,3.438756E-01,2.527713E-01,1.747973E-01,1.129718E-01,6.788292E-02,3.783306E-02,1.957070E-02,9.423229E-03,4.180254E-03,1.746758E-03,7.126226E-04,2.691252E-04,9.668931E-05,3.284177E-05,1.033076E-05,2.912686E-06,7.096621E-07,1.445396E-07,2.392379E-08
-6.41787,38.10000,0.00000,8.075092E-01,7.657151E-01,7.060872E-01,6.282391E-01,5.357782E-01,4.358726E-01,3.369818E-01,2.464734E-01,1.695106E-01,1.088828E-01,6.497506E-02,3.595022E-02,1.835671E-02,8.307490E-03,3.571515E-03,1.498309E-03,6.297612E-04,2.685740E-04,1.032699E-04,3.620118E-05,1.157588E-05,3.276759E-06,7.975399E-07,1.625984E-07,2.709972E-08
-6.41787,38.20000,0.00000,8.011749E-01,7.588711E-01,6.985250E-01,6.198690E-01,5.267729E-01,4.267212E-01,3.283662E-01,2.390126E-01,1.635657E-01,1.045200E-01,6.204589E-02,3.416293E-02,1.635915E-02,7.322278E-03,3.135195E-03,1.324483E-03,5.667589E-04,2.472817E-04,1.083387E-04,4.642351E-05,1.676210E-05,5.123336E-06,1.346551E-06,2.962764E-07,5.323055E-08
-6.41787,38.30000,0.00000,7.979375E-01,7.549222E-01,6.936691E-01,6.140497E-01,5.201979E-01,4.198747E-01,3.218683E-01,2.333960E-01,1.591321E-01,1.013288E-01,5.997593E-02,3.109864E-02,1.473331E-02,6.531910E-03,2.774618E-03,1.182691E-03,4.988597E-04,2.140533E-04,9.047741E-05,3.744708E-05,1.471964E-05,5.347446E-06,1.587847E-06,3.456737E-07,6.129800E-08
-6.41787,38.40000,0.00000,8.514360E-01,8.400170E-01,8.179135E-01,7.797188E-01,7.203765E-01,6.380559E-01,5.372503E-01,4.284986E-01,3.235718E-01,2.305964E-01,1.534563E-01,9.380078E-02,5.186132E-02,2.399143E-02,9.561613E-03,3.422429E-03,1.242622E-03,3.943389E-04,1.290384E-04,4.176699E-05,1.397149E-05,4.767330E-06,1.360055E-06,2.592097E-07,3.983997E-08
-6.41787,38.50000,0.00000,8.444546E-01,8.327832E-01,8.102184E-01,7.713397E-01,7.112153E-01,6.283111E-01,5.274825E-01,4.194544E-01,3.158754E-01,2.245578E-01,1.490870E-01,9.090722E-02,5.013249E-02,2.293777E-02,9.099218E-03,3.251482E-03,1.179861E-03,3.819096E-04,1.269574E-04,4.181055E-05,1.416956E-05,4.860107E-06,1.562891E-06,3.222431E-07,5.071859E-08
-6.41787,38.60000,0.00000,8.412576E-01,8.293839E-01,8.064674E-01,7.670805E-01,7.063794E-01,6.230419E-01,5.221758E-01,4.146195E-01,3.118890E-01,2.215565E-01,1.470131E-01,8.961773E-02,4.712674E-02,2.109947E-02,8.272865E-03,3.163701E-03,1.110157E-03,3.621187E-04,1.151236E-04,3.901620E-05,1.380539E-05,4.785005E-06,1.553946E-06,3.544419E-07,5.607285E-08
-6.41787,38.70000,0.00000,8.397983E-01,8.277136E-01,8.044500E-01,7.645740E-01,7.033165E-01,6.195356E-01,5.185532E-01,4.112848E-01,3.091255E-01,2.194433E-01,1.455059E-01,8.700534E-02,4.434188E-02,1.980517E-02,7.749598E-03,2.973441E-03,1.036389E-03,3.344793E-04,1.110062E-04,3.664594E-05,1.303396E-05,4.539588E-06,1.472642E-06,3.637524E-07,5.740831E-08
-6.41787,38.80000,0.00000,8.371179E-01,8.247812E-01,8.010949E-01,7.606165E-01,6.986738E-01,6.143359E-01,5.131767E-01,4.062029E-01,3.046848E-01,2.157911E-01,1.426619E-01,8.407024E-02,4.268438E-02,1.899950E-02,7.418531E-03,2.843809E-03,1.006959E-03,3.270927E-04,1.053480E-04,3.595301E-05,1.274377E-05,4.428913E-06,1.437921E-06,3.591834E-07,5.639662E-08
-6.41787,38.90000,0.00000,8.352049E-01,8.226354E-01,7.985716E-01,7.575765E-01,6.950747E-01,6.103339E-01,5.091343E-01,4.025327E-01,3.016520E-01,2.134643E-01,1.409952E-01,8.097252E-02,4.097473E-02,1.819652E-02,7.103570E-03,2.739965E-03,9.835724E-04,3.229368E-04,1.049584E-04,3.596464E-05,1.274624E-05,4.406532E-06,1.433781E-06,3.503663E-07,5.428996E-08
-6.41787,39.00000,0.00000,8.291638E-01,8.163375E-01,7.918409E-01,7.502632E-01,6.871898E-01,6.021785E-01,5.012724E-01,3.955599E-01,2.959469E-01,2.091337E-01,1.315149E-01,7.470959E-02,3.767791E-02,1.667077E-02,6.788534E-03,2.669157E-03,9.226284E-04,3.018134E-04,1.000337E-04,3.522466E-05,1.278421E-05,4.473250E-06,1.460174E-06,3.405539E-07,5.199300E-08
-6.41787,39.10000,0.00000,8.229416E-01,8.098326E-01,7.848728E-01,7.426757E-01,6.789947E-01,5.936777E-01,4.930242E-01,3.881496E-01,2.897572E-01,2.025434E-01,1.266947E-01,7.175426E-02,3.610789E-02,1.596114E-02,6.358583E-03,2.464181E-03,8.931818E-04,2.989534E-04,1.007022E-04,3.583798E-05,1.297287E-05,4.529531E-06,1.472979E-06,3.332880E-07,5.044150E-08
-6.41787,39.20000,0.00000,8.207428E-01,8.074135E-01,7.821057E-01,7.394585E-01,6.753322E-01,5.897630E-01,4.892073E-01,3.847737E-01,2.870046E-01,1.952122E-01,1.218288E-01,6.886815E-02,3.461538E-02,1.530523E-02,6.285974E-03,2.437734E-03,8.863134E-04,3.012377E-04,1.038621E-04,3.752784E-05,1.372501E-05,4.695014E-06,1.536704E-06,3.329588E-07,5.036641E-08
-6.41787,39.30000,0.00000,8.124461E-01,7.988692E-01,7.731558E-01,7.300006E-01,6.654664E-01,5.798937E-01,4.799652E-01,3.767523E-01,2.736109E-01,1.843456E-01,1.148021E-01,6.481767E-02,3.258155E-02,1.443663E-02,6.136259E-03,2.385007E-03,8.776842E-04,3.041767E-04,1.069224E-04,3.922568E-05,1.427690E-05,4.774115E-06,1.553641E-06,3.400138E-07,5.204072E-08
-6.41787,39.40000,0.00000,8.035785E-01,7.897447E-01,7.636040E-01,7.199107E-01,6.549285E-01,5.693071E-01,4.699579E-01,3.612818E-01,2.586368E-01,1.735457E-01,1.077146E-01,6.067113E-02,3.047163E-02,1.352502E-02,5.805380E-03,2.232047E-03,8.645135E-04,3.020995E-04,1.110357E-04,4.117468E-05,1.513146E-05,4.887569E-06,1.578535E-06,3.523358E-07,5.510202E-08
-6.41787,39.50000,0.00000,8.014607E-01,7.873744E-01,7.608430E-01,7.166420E-01,6.511446E-01,5.651823E-01,4.553803E-01,3.446718E-01,2.457974E-01,1.644226E-01,1.017898E-01,5.720646E-02,2.868098E-02,1.272129E-02,5.465841E-03,2.180232E-03,8.346430E-04,3.026695E-04,1.143449E-04,4.448978E-05,1.544722E-05,5.160682E-06,1.648734E-06,3.655305E-07,5.841886E-08
-6.41787,39.60000,0.00000,7.930502E-01,7.787163E-01,7.517917E-01,7.071166E-01,6.412559E-01,5.501556E-01,4.406201E-01,3.324189E-01,2.364692E-01,1.578798E-01,9.759357E-02,5.479601E-02,2.747519E-02,1.221266E-02,5.296873E-03,2.107367E-03,8.444826E-04,3.164838E-04,1.264054E-04,4.690968E-05,1.699711E-05,6.116494E-06,1.869095E-06,3.761459E-07,6.107165E-08
-6.41787,39.70000,0.00000,7.887669E-01,7.712988E-01,7.390867E-01,6.866506E-01,6.111247E-01,5.155777E-01,4.100063E-01,3.073552E-01,2.174613E-01,1.445732E-01,8.912139E-02,5.000485E-02,2.512899E-02,1.190838E-02,4.964369E-03,2.050696E-03,8.359159E-04,3.249531E-04,1.289714E-04,4.938380E-05,2.019672E-05,7.684252E-06,1.875861E-06,3.789290E-07,6.179781E-08
-6.41787,39.80000,0.00000,7.656324E-01,7.476463E-01,7.147137E-01,6.616740E-01,5.862874E-01,4.922455E-01,3.896770E-01,2.909951E-01,2.052662E-01,1.361630E-01,8.382382E-02,4.702388E-02,2.366797E-02,1.136112E-02,4.746519E-03,1.959173E-03,7.991731E-04,3.211059E-04,1.247357E-04,4.966497E-05,2.180736E-05,7.570222E-06,1.847970E-06,3.720325E-07,6.029131E-08
-6.41787,39.90000,0.00000,7.619845E-01,7.435011E-01,7.098703E-01,6.560490E-01,5.800537E-01,4.858883E-01,3.838191E-01,2.861080E-01,2.015161E-01,1.334830E-01,8.204842E-02,4.595800E-02,2.310607E-02,1.104286E-02,4.659882E-03,1.850103E-03,7.496095E-04,3.002127E-04,1.166751E-04,4.488151E-05,1.762318E-05,6.570695E-06,1.750710E-06,3.507663E-07,5.631315E-08
-6.41787,40.00000,0.00000,7.070128E-01,6.884457E-01,6.548822E-01,6.019050E-01,5.285003E-01,4.393840E-01,3.445820E-01,2.552383E-01,1.788761E-01,1.181111E-01,7.255021E-02,4.171390E-02,2.167462E-02,1.011244E-02,4.333618E-03,1.757190E-03,7.024919E-04,2.786412E-04,1.101477E-04,4.119303E-05,1.579509E-05,5.648551E-06,1.622374E-06,3.238183E-07,5.159054E-08
-6.41787,40.10000,0.00000,7.034295E-01,6.844229E-01,6.502768E-01,5.967081E-01,5.229394E-01,4.339192E-01,3.397245E-01,2.513121E-01,1.759382E-01,1.160450E-01,7.119124E-02,3.992682E-02,2.086828E-02,9.925966E-03,4.264826E-03,1.729401E-03,6.830407E-04,2.687542E-04,1.065180E-04,3.937381E-05,1.496371E-05,5.355565E-06,1.603247E-06,3.221524E-07,5.155238E-08
-6.41787,40.20000,0.00000,6.743445E-01,6.553802E-01,6.214734E-01,5.686828E-01,4.966945E-01,4.107137E-01,3.205620E-01,2.365508E-01,1.653042E-01,1.089117E-01,6.680521E-02,3.751293E-02,1.980716E-02,9.453058E-03,4.106435E-03,1.686281E-03,6.721319E-04,2.629035E-04,1.026299E-04,3.846546E-05,1.436718E-05,5.154689E-06,1.619783E-06,3.309359E-07,5.398578E-08
-6.41787,40.30000,0.00000,6.479006E-01,6.290118E-01,5.953904E-01,5.434046E-01,4.731191E-01,3.899219E-01,3.033909E-01,2.232767E-01,1.556800E-01,1.024005E-01,6.276099E-02,3.612040E-02,1.897317E-02,8.993932E-03,3.948301E-03,1.621307E-03,6.374133E-04,2.484208E-04,9.585810E-05,3.657930E-05,1.404809E-05,5.066150E-06,1.476698E-06,3.050878E-07,5.081830E-08
-6.41787,40.40000,0.00000,5.949938E-01,5.772156E-01,5.455311E-01,4.969022E-01,4.321930E-01,3.560053E-01,2.772771E-01,2.046105E-01,1.433386E-01,9.490148E-02,5.896701E-02,3.394682E-02,1.790950E-02,8.421955E-03,3.763867E-03,1.504568E-03,5.703427E-04,2.200619E-04,8.914246E-05,3.576707E-05,1.381737E-05,3.971470E-06,9.401422E-07,1.848661E-07,2.953573E-08
-6.41787,40.50000,0.00000,5.925251E-01,5.743849E-01,5.422509E-01,4.930316E-01,4.273314E-01,3.508678E-01,2.729135E-01,2.012253E-01,1.408636E-01,9.336107E-02,5.803867E-02,3.340068E-02,1.736383E-02,8.312388E-03,3.608248E-03,1.416812E-03,5.428782E-04,2.207884E-04,9.004132E-05,3.621192E-05,1.225297E-05,3.413807E-06,8.129122E-07,1.606285E-07,2.565014E-08
-6.41787,40.60000,0.00000,5.687408E-01,5.511962E-01,5.201676E-01,4.728112E-01,4.099052E-01,3.368211E-01,2.620427E-01,1.935501E-01,1.352208E-01,8.964066E-02,5.535933E-02,3.186907E-02,1.677419E-02,8.039311E-03,3.467815E-03,1.355931E-03,5.418648E-04,2.222228E-04,9.109962E-05,3.648988E-05,1.151247E-05,3.209379E-06,7.625125E-07,1.496458E-07,2.360973E-08
-6.41787,40.70000,0.00000,5.443045E-01,5.272975E-01,4.972541E-01,4.515274E-01,3.910196E-01,3.210092E-01,2.496153E-01,1.844656E-01,1.289441E-01,8.548017E-02,5.273483E-02,3.054310E-02,1.609343E-02,7.803788E-03,3.358701E-03,1.326846E-03,5.426893E-04,2.246570E-04,9.258562E-05,3.738592E-05,1.211942E-05,3.409216E-06,8.174953E-07,1.622254E-07,2.595362E-08
-6.41787,40.80000,0.00000,5.167072E-01,5.004956E-01,4.718194E-01,4.282037E-01,3.706134E-01,3.041451E-01,2.365009E-01,1.748467E-01,1.233446E-01,8.296381E-02,5.206973E-02,2.967278E-02,1.567970E-02,7.561045E-03,3.383688E-03,1.358378E-03,5.457284E-04,2.289075E-04,9.521645E-05,3.863234E-05,1.452188E-05,4.176225E-06,1.016812E-06,2.037136E-07,3.277090E-08
-6.41787,40.90000,0.00000,5.000315E-01,4.841442E-01,4.560870E-01,4.135247E-01,3.575139E-01,2.930931E-01,2.277295E-01,1.682873E-01,1.187134E-01,7.989464E-02,5.098131E-02,2.952273E-02,1.529445E-02,7.571095E-03,3.428414E-03,1.393012E-03,5.545227E-04,2.367705E-04,1.001997E-04,4.131275E-05,1.566641E-05,4.455910E-06,1.067860E-06,2.099879E-07,3.310004E-08
-6.41787,41.00000,0.00000,4.978354E-01,4.816776E-01,4.533096E-01,4.105114E-01,3.544757E-01,2.903145E-01,2.254434E-01,1.665810E-01,1.175320E-01,7.911877E-02,5.049406E-02,2.891048E-02,1.507132E-02,7.477178E-03,3.415591E-03,1.404776E-03,5.632765E-04,2.424452E-04,1.030204E-04,4.245506E-05,1.598317E-05,4.495711E-06,1.064065E-06,2.063514E-07,3.200610E-08
-6.41787,41.10000,0.00000,4.815226E-01,4.657477E-01,4.380974E-01,3.964855E-01,3.421649E-01,2.801480E-01,2.175840E-01,1.608805E-01,1.136395E-01,7.662477E-02,4.901621E-02,2.844483E-02,1.480925E-02,7.434149E-03,3.416443E-03,1.417014E-03,5.680975E-04,2.462882E-04,1.046556E-04,4.305532E-05,1.617663E-05,4.520559E-06,1.062332E-06,2.043226E-07,3.137325E-08
-6.41787,41.20000,0.00000,4.686513E-01,4.531223E-01,4.259735E-01,3.852474E-01,3.322611E-01,2.719521E-01,2.112450E-01,1.562868E-01,1.105068E-01,7.461887E-02,4.782683E-02,2.776007E-02,1.452247E-02,7.326129E-03,3.401574E-03,1.425260E-03,5.741578E-04,2.503844E-04,1.069413E-04,4.431027E-05,1.671781E-05,4.678800E-06,1.101251E-06,2.121947E-07,3.265747E-08
-6.41787,41.30000,0.00000,4.484243E-01,4.335632E-01,4.075740E-01,3.686040E-01,3.179628E-01,2.603892E-01,2.024680E-01,1.500142E-01,1.062768E-01,7.194250E-02,4.626396E-02,2.754794E-02,1.455173E-02,7.217603E-03,3.391208E-03,1.444377E-03,5.847641E-04,2.576199E-04,1.115350E-04,4.666214E-05,1.727265E-05,4.859595E-06,1.152611E-06,2.245381E-07,3.508683E-08
-6.41787,41.40000,0.00000,4.401476E-01,4.252892E-01,3.994202E-01,3.608093E-01,3.108665E-01,2.543306E-01,1.976534E-01,1.464483E-01,1.038033E-01,7.033665E-02,4.529959E-02,2.651174E-02,1.412691E-02,7.136045E-03,3.377673E-03,1.440139E-03,5.911138E-04,2.625027E-04,1.139531E-04,4.762801E-05,1.755991E-05,4.970782E-06,1.191915E-06,2.361008E-07,3.775579E-08
-6.41787,41.50000,0.00000,4.183295E-01,4.042740E-01,3.797620E-01,3.431593E-01,2.958320E-01,2.422822E-01,1.885933E-01,1.400422E-01,9.953590E-02,6.767283E-02,4.376444E-02,2.571381E-02,1.370811E-02,7.005405E-03,3.340799E-03,1.431069E-03,5.946259E-04,2.654141E-04,1.154886E-04,4.824241E-05,1.775848E-05,5.059961E-06,1.226580E-06,2.468540E-07,4.031922E-08
-6.41787,41.60000,0.00000,4.053336E-01,3.916019E-01,3.677044E-01,3.321095E-01,2.862096E-01,2.344044E-01,1.825572E-01,1.357054E-01,9.660498E-02,6.581277E-02,4.266750E-02,2.515720E-02,1.357305E-02,6.898392E-03,3.311958E-03,1.432496E-03,5.972555E-04,2.679785E-04,1.171060E-04,4.906622E-05,1.785993E-05,5.106402E-06,1.244967E-06,2.526321E-07,4.171218E-08
-6.41787,41.70000,0.00000,3.887631E-01,3.756093E-01,3.527078E-01,3.186090E-01,2.746745E-01,2.251309E-01,1.755631E-01,1.307468E-01,9.329175E-02,6.373248E-02,4.145191E-02,2.519960E-02,1.360210E-02,6.778895E-03,3.275469E-03,1.440151E-03,6.004803E-04,2.709992E-04,1.189157E-04,4.990403E-05,1.784122E-05,5.094071E-06,1.239714E-06,2.509607E-07,4.130801E-08
-6.41787,41.80000,0.00000,3.813230E-01,3.681594E-01,3.453493E-01,3.115507E-01,2.682143E-01,2.195713E-01,1.710976E-01,1.273973E-01,9.093519E-02,6.217549E-02,4.049334E-02,2.411128E-02,1.315509E-02,6.678304E-03,3.248812E-03,1.428733E-03,6.092340E-04,2.776761E-04,1.230126E-04,5.206064E-05,1.772618E-05,5.034098E-06,1.215150E-06,2.431689E-07,3.942213E-08
-6.41787,41.90000,0.00000,3.587680E-01,3.465118E-01,3.252038E-01,2.935645E-01,2.529489E-01,2.073283E-01,1.618283E-01,1.207589E-01,8.643415E-02,5.930232E-02,3.878950E-02,2.394913E-02,1.309156E-02,6.514787E-03,3.195721E-03,1.431699E-03,6.120207E-04,2.802866E-04,1.245354E-04,5.277493E-05,1.758602E-05,4.961442E-06,1.185442E-06,2.337572E-07,3.714715E-08
-6.41787,42.00000,0.00000,3.480473E-01,3.360734E-01,3.152902E-01,2.844926E-01,2.450456E-01,2.008341E-01,1.568166E-01,1.171239E-01,8.394963E-02,5.770096E-02,3.781964E-02,2.310967E-02,1.273945E-02,6.393970E-03,3.148305E-03,1.423795E-03,6.101491E-04,2.798306E-04,1.243517E-04,5.269656E-05,1.750116E-05,4.916439E-06,1.166940E-06,2.278900E-07,3.573007E-08
-6.41787,42.10000,0.00000,3.392604E-01,3.274375E-01,3.069775E-01,2.767529E-01,2.381660E-01,1.950552E-01,1.522535E-01,1.137361E-01,8.157763E-02,5.613182E-02,3.684012E-02,2.287444E-02,1.275521E-02,6.363538E-03,3.129428E-03,1.434220E-03,6.064128E-04,2.784221E-04,1.237116E-04,5.242658E-05,1.752592E-05,4.925465E-06,1.170263E-06,2.289032E-07,3.596726E-08
-6.41787,42.20000,0.00000,3.233372E-01,3.120543E-01,2.925104E-01,2.636311E-01,2.267783E-01,1.856381E-01,1.448371E-01,1.081670E-01,7.759714E-02,5.344684E-02,3.515505E-02,2.190303E-02,1.256449E-02,6.398922E-03,3.074392E-03,1.445787E-03,6.020080E-04,2.776325E-04,1.238671E-04,5.270644E-05,1.766168E-05,4.989169E-06,1.195693E-06,2.368941E-07,3.788780E-08
-6.31787,36.90000,0.00000,7.937601E-01,7.551135E-01,7.027898E-01,6.375062E-01,5.617363E-01,4.790906E-01,3.937196E-01,3.101922E-01,2.332283E-01,1.668921E-01,1.135423E-01,7.340724E-02,4.504299E-02,2.617030E-02,1.435468E-02,7.406715E-03,3.577067E-03,1.604638E-03,6.612728E-04,2.466786E-04,8.176873E-05,2.356423E-05,5.763844E-06,1.167796E-06,1.912675E-07
-6.31787,37.00000,0.00000,7.927439E-01,7.542350E-01,7.016827E-01,6.357276E-01,5.589864E-01,4.753734E-01,3.893381E-01,3.055740E-01,2.287584E-01,1.628596E-01,1.101507E-01,7.076873E-02,4.315869E-02,2.493835E-02,1.361720E-02,7.003742E-03,3.377984E-03,1.517364E-03,6.282437E-04,2.363075E-04,7.924799E-05,2.317315E-05,5.767323E-06,1.192476E-06,2.000372E-07
-6.31787,37.10000,0.00000,7.960672E-01,7.572603E-01,7.040019E-01,6.368531E-01,5.585653E-01,4.733759E-01,3.860745E-01,3.015463E-01,2.244900E-01,1.587934E-01,1.066167E-01,6.796166E-02,4.112573E-02,2.359773E-02,1.281429E-02,6.569978E-03,3.169613E-03,1.430244E-03,5.973824E-04,2.273634E-04,7.725467E-05,2.289081E-05,5.772175E-06,1.209714E-06,2.059542E-07
-6.31787,37.20000,0.00000,8.006485E-01,7.614350E-01,7.073361E-01,6.388075E-01,5.587072E-01,4.715993E-01,3.826673E-01,2.970756E-01,2.196129E-01,1.540910E-01,1.025075E-01,6.467792E-02,3.872179E-02,2.198790E-02,1.183056E-02,6.023217E-03,2.894540E-03,1.305960E-03,5.475789E-04,2.099702E-04,7.207417E-05,2.160387E-05,5.511042E-06,1.167200E-06,2.005096E-07
-6.31787,37.30000,0.00000,8.011153E-01,7.617876E-01,7.071984E-01,6.376953E-01,5.562268E-01,4.676530E-01,3.775371E-01,2.913046E-01,2.138093E-01,1.487588E-01,9.797488E-02,6.109549E-02,3.609187E-02,2.020201E-02,1.071346E-02,5.380880E-03,2.555020E-03,1.141143E-03,4.745579E-04,1.808228E-04,6.177326E-05,1.843995E-05,4.681222E-06,9.846199E-07,1.674478E-07
-6.31787,37.40000,0.00000,8.032468E-01,7.635309E-01,7.081552E-01,6.373664E-01,5.542179E-01,4.638985E-01,3.723743E-01,2.853532E-01,2.077640E-01,1.432083E-01,9.331239E-02,5.749632E-02,3.353872E-02,1.854039E-02,9.722406E-03,4.839526E-03,2.284930E-03,1.019047E-03,4.253193E-04,1.634689E-04,5.651425E-05,1.707018E-05,4.368191E-06,9.201617E-07,1.555425E-07
-6.31787,37.50000,0.00000,7.981399E-01,7.585111E-01,7.028739E-01,6.314005E-01,5.472748E-01,4.560153E-01,3.639486E-01,2.769787E-01,2.000208E-01,1.365439E-01,8.799063E-02,5.357757E-02,3.089029E-02,1.689731E-02,8.783528E-03,4.344013E-03,2.031879E-03,9.100863E-04,3.794117E-04,1.451178E-04,4.956169E-05,1.466222E-05,3.647949E-06,7.434143E-07,1.212067E-07
-6.31787,37.60000,0.00000,8.013520E-01,7.611063E-01,7.044661E-01,6.315117E-01,5.455192E-01,4.523132E-01,3.586264E-01,2.706854E-01,1.935304E-01,1.305456E-01,8.295806E-02,4.972894E-02,2.820994E-02,1.520288E-02,7.687197E-03,3.504785E-03,1.555393E-03,6.761662E-04,2.872599E-04,1.181176E-04,4.633157E-05,1.403605E-05,3.577004E-06,7.506191E-07,1.270162E-07
-6.31787,37.70000,0.00000,7.990140E-01,7.585059E-01,7.012675E-01,6.273381E-01,5.401344E-01,4.458105E-01,3.514289E-01,2.633777E-01,1.866491E-01,1.244774E-01,7.792754E-02,4.581688E-02,2.536629E-02,1.327330E-02,6.488373E-03,2.917969E-03,1.290918E-03,5.674738E-04,2.430669E-04,9.071062E-05,3.055923E-05,9.040677E-06,2.283336E-06,4.793510E-07,8.158305E-08
-6.31787,37.80000,0.00000,7.996863E-01,7.586188E-01,7.004974E-01,6.253210E-01,5.366293E-01,4.408613E-01,3.454149E-01,2.568894E-01,1.802991E-01,1.187503E-01,7.312000E-02,4.204426E-02,2.259649E-02,1.137097E-02,5.366736E-03,2.378279E-03,9.891865E-04,3.848188E-04,1.389349E-04,4.597194E-05,1.370563E-05,3.605348E-06,8.171706E-07,1.556019E-07,2.422550E-08
-6.31787,37.90000,0.00000,8.011807E-01,7.593784E-01,7.001961E-01,6.236222E-01,5.333544E-01,4.361509E-01,3.397330E-01,2.508610E-01,1.745157E-01,1.136543E-01,6.897282E-02,3.893468E-02,2.045788E-02,1.002338E-02,4.585866E-03,1.960593E-03,7.838602E-04,2.936515E-04,1.033526E-04,3.412120E-05,1.042827E-05,2.870691E-06,6.869598E-07,1.379680E-07,2.255002E-08
-6.31787,38.00000,0.00000,7.964479E-01,7.542430E-01,6.944005E-01,6.169517E-01,5.257810E-01,4.279469E-01,3.314230E-01,2.430483E-01,1.676958E-01,1.081253E-01,6.482463E-02,3.607618E-02,1.866313E-02,8.838482E-03,3.828401E-03,1.608840E-03,6.727696E-04,2.584677E-04,9.279238E-05,3.155232E-05,9.959321E-06,2.823399E-06,6.930771E-07,1.425797E-07,2.391711E-08
-6.31787,38.10000,0.00000,7.974712E-01,7.544162E-01,6.934403E-01,6.146225E-01,5.220433E-01,4.230657E-01,3.259303E-01,2.375762E-01,1.627930E-01,1.041450E-01,6.189384E-02,3.412735E-02,1.704116E-02,7.662158E-03,3.282768E-03,1.379838E-03,5.850680E-04,2.531330E-04,9.421314E-05,3.280924E-05,1.049593E-05,2.994014E-06,7.390072E-07,1.535783E-07,2.620457E-08
-6.31787,38.20000,0.00000,7.908834E-01,7.474327E-01,6.858706E-01,6.064046E-01,5.133727E-01,4.144184E-01,3.179227E-01,2.307307E-01,1.573860E-01,1.001981E-01,5.924756E-02,3.196352E-02,1.519028E-02,6.754535E-03,2.880581E-03,1.217666E-03,5.244668E-04,2.313700E-04,1.024704E-04,3.758263E-05,1.223419E-05,3.518398E-06,8.716935E-07,1.818110E-07,3.122008E-08
-6.31787,38.30000,0.00000,7.916642E-01,7.472390E-01,6.844829E-01,6.037253E-01,5.095496E-01,4.098632E-01,3.131985E-01,2.263767E-01,1.537777E-01,9.750672E-02,5.724014E-02,2.910709E-02,1.366078E-02,6.002167E-03,2.535320E-03,1.074345E-03,4.536426E-04,1.952888E-04,8.390709E-05,3.520528E-05,1.366928E-05,3.888470E-06,9.482889E-07,1.946080E-07,3.297211E-08
-6.31787,38.40000,0.00000,7.887316E-01,7.434691E-01,6.796991E-01,5.979217E-01,5.029924E-01,4.030711E-01,3.067951E-01,2.208826E-01,1.494880E-01,9.447028E-02,5.286643E-02,2.657500E-02,1.233874E-02,5.375626E-03,2.315610E-03,9.831145E-04,4.182491E-04,1.816672E-04,7.955478E-05,3.424823E-05,1.416378E-05,4.887610E-06,1.223850E-06,2.550002E-07,4.320702E-08
-6.31787,38.50000,0.00000,7.848644E-01,7.388545E-01,6.742225E-01,5.916691E-01,4.963192E-01,3.965370E-01,3.009651E-01,2.161470E-01,1.459883E-01,8.952772E-02,4.859566E-02,2.422534E-02,1.118336E-02,5.047277E-03,2.191724E-03,9.255583E-04,3.989094E-04,1.769949E-04,7.914491E-05,3.460088E-05,1.439998E-05,5.562271E-06,1.532983E-06,3.154975E-07,5.174791E-08
-6.31787,38.60000,0.00000,7.810256E-01,7.342215E-01,6.687137E-01,5.854450E-01,4.898295E-01,3.903903E-01,2.956925E-01,2.120313E-01,1.414005E-01,8.320940E-02,4.492854E-02,2.230163E-02,1.028224E-02,4.892264E-03,2.080339E-03,8.846370E-04,3.872355E-04,1.740290E-04,7.850293E-05,3.453071E-05,1.440332E-05,5.561767E-06,1.935590E-06,4.373822E-07,7.358020E-08
-6.31787,38.70000,0.00000,8.295181E-01,8.170437E-01,7.930897E-01,7.522354E-01,6.899317E-01,6.054841E-01,5.046736E-01,3.985666E-01,2.983117E-01,2.108755E-01,1.391844E-01,8.432309E-02,4.293120E-02,1.902949E-02,7.372377E-03,2.782291E-03,9.633691E-04,3.085293E-04,9.871661E-05,3.397245E-05,1.224263E-05,4.317691E-06,1.420865E-06,3.465993E-07,5.443773E-08
-6.31787,38.80000,0.00000,8.329328E-01,8.202426E-01,7.959579E-01,7.546323E-01,6.917322E-01,6.066440E-01,5.053036E-01,3.988585E-01,2.984096E-01,2.108275E-01,1.390239E-01,8.179066E-02,4.128411E-02,1.823547E-02,7.048457E-03,2.670298E-03,9.336058E-04,3.008324E-04,9.631000E-05,3.277718E-05,1.152039E-05,3.922672E-06,1.235068E-06,3.425278E-07,5.472943E-08
-6.31787,38.90000,0.00000,8.280573E-01,8.151254E-01,7.904376E-01,7.485677E-01,6.851255E-01,5.997586E-01,4.986458E-01,3.929658E-01,2.936169E-01,2.072106E-01,1.353738E-01,7.677937E-02,3.856714E-02,1.693231E-02,6.669157E-03,2.616463E-03,8.943379E-04,2.780920E-04,9.444507E-05,3.140671E-05,1.116568E-05,3.842314E-06,1.215941E-06,3.386488E-07,5.374858E-08
-6.31787,39.00000,0.00000,8.190279E-01,8.058461E-01,7.807270E-01,7.382917E-01,6.743539E-01,5.888984E-01,4.883707E-01,3.839427E-01,2.862449E-01,2.015797E-01,1.280649E-01,7.240807E-02,3.629623E-02,1.592945E-02,6.253441E-03,2.417769E-03,8.377004E-04,2.749230E-04,9.090175E-05,3.225582E-05,1.186497E-05,4.233578E-06,1.397315E-06,3.402891E-07,5.249861E-08
-6.31787,39.10000,0.00000,8.179275E-01,8.045005E-01,7.790003E-01,7.360559E-01,6.715763E-01,5.857286E-01,4.851307E-01,3.809836E-01,2.837805E-01,1.988375E-01,1.238876E-01,6.981547E-02,3.490226E-02,1.529258E-02,6.180984E-03,2.398608E-03,8.215814E-04,2.724236E-04,9.153201E-05,3.286060E-05,1.214490E-05,4.309702E-06,1.421033E-06,3.401323E-07,5.208943E-08
-6.31787,39.20000,0.00000,8.150459E-01,8.013748E-01,7.754904E-01,7.320480E-01,6.670783E-01,5.809569E-01,4.804825E-01,3.768537E-01,2.803978E-01,1.906576E-01,1.186194E-01,6.678304E-02,3.337574E-02,1.463693E-02,6.083657E-03,2.366863E-03,8.154574E-04,2.747108E-04,9.431224E-05,3.430203E-05,1.272866E-05,4.506546E-06,1.482209E-06,3.421057E-07,5.250340E-08
-6.31787,39.30000,0.00000,8.036371E-01,7.897080E-01,7.633932E-01,7.194294E-01,6.540917E-01,5.681162E-01,4.685434E-01,3.665096E-01,2.692813E-01,1.807659E-01,1.120758E-01,6.291626E-02,3.138456E-02,1.376521E-02,5.765028E-03,2.224946E-03,7.990588E-04,2.758148E-04,9.640514E-05,3.532732E-05,1.307285E-05,4.552259E-06,1.493452E-06,3.515734E-07,5.487265E-08
-6.31787,39.40000,0.00000,8.020124E-01,7.878396E-01,7.611511E-01,7.166985E-01,6.508626E-01,5.645471E-01,4.633771E-01,3.506152E-01,2.497007E-01,1.666588E-01,1.028446E-01,5.753467E-02,2.864702E-02,1.257141E-02,5.306669E-03,2.178589E-03,7.569318E-04,2.661713E-04,9.623802E-05,3.633877E-05,1.343836E-05,4.608208E-06,1.502604E-06,3.676985E-07,5.884911E-08
-6.31787,39.50000,0.00000,7.921906E-01,7.777670E-01,7.506716E-01,7.057306E-01,6.395414E-01,5.499925E-01,4.401892E-01,3.316870E-01,2.355804E-01,1.570180E-01,9.686536E-02,5.422363E-02,2.704626E-02,1.207677E-02,5.086401E-03,2.096858E-03,7.582983E-04,2.722191E-04,1.018843E-04,3.941662E-05,1.434444E-05,4.687978E-06,1.529171E-06,3.794318E-07,6.213610E-08
-6.31787,39.60000,0.00000,7.903117E-01,7.756590E-01,7.482141E-01,7.028370E-01,6.297112E-01,5.326319E-01,4.244075E-01,3.185173E-01,2.254344E-01,1.497888E-01,9.215901E-02,5.149291E-02,2.567545E-02,1.183555E-02,4.890915E-03,2.049133E-03,7.679662E-04,2.856075E-04,1.101756E-04,4.388962E-05,1.554269E-05,5.276141E-06,1.707902E-06,3.894397E-07,6.477003E-08
-6.31787,39.70000,0.00000,7.846431E-01,7.685267E-01,7.358317E-01,6.827348E-01,6.064819E-01,5.103725E-01,4.046460E-01,3.023345E-01,2.131630E-01,1.411812E-01,8.664943E-02,4.835128E-02,2.412279E-02,1.141630E-02,4.718931E-03,1.978583E-03,7.701325E-04,2.946341E-04,1.205366E-04,4.587898E-05,1.671106E-05,6.156232E-06,1.898418E-06,3.894215E-07,6.483077E-08
-6.31787,39.80000,0.00000,7.607278E-01,7.424647E-01,7.090935E-01,6.554934E-01,5.795752E-01,4.852788E-01,3.829327E-01,2.849757E-01,2.003102E-01,1.323832E-01,8.115076E-02,4.527832E-02,2.262257E-02,1.077257E-02,4.477734E-03,1.863997E-03,7.624372E-04,3.003656E-04,1.204542E-04,4.659752E-05,1.992069E-05,7.497500E-06,1.848732E-06,3.769330E-07,6.206845E-08
-6.31787,39.90000,0.00000,7.203513E-01,7.018220E-01,6.681915E-01,6.148292E-01,5.404540E-01,4.496582E-01,3.526758E-01,2.610790E-01,1.827473E-01,1.204333E-01,7.374242E-02,4.118992E-02,2.170234E-02,9.980980E-03,4.269424E-03,1.749766E-03,7.032718E-04,2.792652E-04,1.100212E-04,4.392094E-05,1.934543E-05,6.606545E-06,1.615378E-06,3.256838E-07,5.281365E-08
-6.31787,40.00000,0.00000,7.067395E-01,6.878797E-01,6.538534E-01,6.002522E-01,5.261527E-01,4.364545E-01,3.413761E-01,2.521272E-01,1.761435E-01,1.158920E-01,7.086702E-02,3.955470E-02,2.070772E-02,9.647142E-03,4.077115E-03,1.623337E-03,6.343983E-04,2.532863E-04,9.572325E-05,3.989668E-05,1.619012E-05,5.132669E-06,1.209102E-06,2.336872E-07,3.608828E-08
-6.31787,40.10000,0.00000,6.720294E-01,6.532664E-01,6.195723E-01,5.669257E-01,4.949407E-01,4.088217E-01,3.185036E-01,2.344544E-01,1.633781E-01,1.073218E-01,6.560993E-02,3.798454E-02,1.952256E-02,9.099584E-03,3.898011E-03,1.576290E-03,6.226028E-04,2.433059E-04,8.886703E-05,3.666643E-05,1.439074E-05,4.799552E-06,1.141958E-06,2.227538E-07,3.464134E-08
-6.31787,40.20000,0.00000,6.725538E-01,6.533086E-01,6.189665E-01,5.656111E-01,4.930410E-01,4.066465E-01,3.164212E-01,2.327162E-01,1.620503E-01,1.063567E-01,6.493828E-02,3.636917E-02,1.916207E-02,8.983525E-03,3.855182E-03,1.563008E-03,6.037250E-04,2.264423E-04,8.510463E-05,3.422179E-05,1.305304E-05,4.413249E-06,1.037811E-06,2.001380E-07,3.091630E-08
-6.31787,40.30000,0.00000,6.430380E-01,6.239330E-01,5.899879E-01,5.376233E-01,4.670407E-01,3.838099E-01,2.976346E-01,2.182468E-01,1.516005E-01,9.932212E-02,6.092666E-02,3.512434E-02,1.811555E-02,8.514443E-03,3.698471E-03,1.483525E-03,5.598026E-04,2.064054E-04,8.283724E-05,3.313192E-05,1.261622E-05,3.687285E-06,8.534744E-07,1.630137E-07,2.511791E-08
-6.31787,40.40000,0.00000,5.921745E-01,5.741659E-01,5.421357E-01,4.929114E-01,4.276678E-01,3.512419E-01,2.728794E-01,2.008539E-01,1.403245E-01,9.260665E-02,5.730802E-02,3.275764E-02,1.715900E-02,7.994355E-03,3.533420E-03,1.375873E-03,5.026481E-04,2.011550E-04,8.186384E-05,3.275309E-05,9.843782E-06,2.547381E-06,5.606798E-07,1.023632E-07,1.511928E-08
-6.31787,40.50000,0.00000,5.885664E-01,5.702293E-01,5.378045E-01,4.882515E-01,4.222947E-01,3.455423E-01,2.669939E-01,1.959962E-01,1.370912E-01,9.069375E-02,5.613130E-02,3.213115E-02,1.652538E-02,7.872584E-03,3.363572E-03,1.292990E-03,4.995253E-04,2.029407E-04,8.289523E-05,2.922805E-05,8.629381E-06,2.249597E-06,5.007468E-07,9.228862E-08,1.368732E-08
-6.31787,40.60000,0.00000,5.635685E-01,5.457033E-01,5.141680E-01,4.661536E-01,4.025592E-01,3.289371E-01,2.539234E-01,1.865654E-01,1.302222E-01,8.632617E-02,5.354394E-02,3.054393E-02,1.585472E-02,7.580151E-03,3.192761E-03,1.230100E-03,5.000151E-04,2.045267E-04,8.374757E-05,2.784726E-05,8.282159E-06,2.174454E-06,4.859171E-07,8.946898E-08,1.318621E-08
-6.31787,40.70000,0.00000,5.428129E-01,5.255367E-01,4.950908E-01,4.488722E-01,3.878976E-01,3.175991E-01,2.462076E-01,1.813506E-01,1.272566E-01,8.391429E-02,5.173960E-02,2.950502E-02,1.561683E-02,7.416699E-03,3.183779E-03,1.229626E-03,5.016177E-04,2.071850E-04,8.526864E-05,2.884642E-05,8.526426E-06,2.204076E-06,4.817312E-07,8.646239E-08,1.240672E-08
-6.31787,40.80000,0.00000,5.082496E-01,4.920446E-01,4.634072E-01,4.199279E-01,3.626723E-01,2.968256E-01,2.300988E-01,1.695657E-01,1.192420E-01,7.996530E-02,5.079919E-02,2.886286E-02,1.491522E-02,7.232556E-03,3.216528E-03,1.270325E-03,5.068377E-04,2.128252E-04,8.897941E-05,3.637696E-05,1.195424E-05,3.407076E-06,8.345217E-07,1.707590E-07,2.843769E-08
-6.31787,40.90000,0.00000,4.980547E-01,4.819483E-01,4.535730E-01,4.106432E-01,3.543229E-01,2.897801E-01,2.245575E-01,1.654931E-01,1.164273E-01,7.813542E-02,4.969477E-02,2.852868E-02,1.466807E-02,7.230965E-03,3.257069E-03,1.313475E-03,5.187567E-04,2.220833E-04,9.475822E-05,3.950750E-05,1.418841E-05,4.037131E-06,9.744766E-07,1.944441E-07,3.134151E-08
-6.31787,41.00000,0.00000,4.928465E-01,4.766007E-01,4.481244E-01,4.052524E-01,3.492720E-01,2.853863E-01,2.210391E-01,1.628857E-01,1.146168E-01,7.694775E-02,4.860608E-02,2.778876E-02,1.445773E-02,7.146099E-03,3.261530E-03,1.336587E-03,5.285851E-04,2.283915E-04,9.788248E-05,4.077218E-05,1.484116E-05,4.160556E-06,9.858621E-07,1.925155E-07,3.026385E-08
-6.31787,41.10000,0.00000,4.811593E-01,4.650839E-01,4.369935E-01,3.948511E-01,3.400286E-01,2.776799E-01,2.150477E-01,1.585309E-01,1.116413E-01,7.503939E-02,4.734930E-02,2.716969E-02,1.419073E-02,7.084019E-03,3.261773E-03,1.352199E-03,5.387255E-04,2.331333E-04,9.955793E-05,4.133991E-05,1.514195E-05,4.204127E-06,9.852272E-07,1.899337E-07,2.939887E-08
-6.31787,41.20000,0.00000,4.621320E-01,4.465646E-01,4.193904E-01,3.787126E-01,3.259380E-01,2.660806E-01,2.060754E-01,1.519940E-01,1.071498E-01,7.215007E-02,4.612456E-02,2.702516E-02,1.421186E-02,6.989666E-03,3.234566E-03,1.385913E-03,5.578878E-04,2.370355E-04,1.014925E-04,4.213104E-05,1.627355E-05,4.565381E-06,1.081148E-06,2.105790E-07,3.292787E-08
-6.31787,41.30000,0.00000,4.411611E-01,4.263369E-01,4.004351E-01,3.616598E-01,3.113945E-01,2.544293E-01,1.973335E-01,1.458355E-01,1.030676E-01,6.961949E-02,4.468293E-02,2.700147E-02,1.423615E-02,6.891968E-03,3.223476E-03,1.412063E-03,5.734325E-04,2.450984E-04,1.059562E-04,4.430906E-05,1.733978E-05,4.920872E-06,1.181307E-06,2.338870E-07,3.731387E-08
-6.31787,41.40000,0.00000,4.326814E-01,4.179201E-01,3.922291E-01,3.539287E-01,3.044825E-01,2.486520E-01,1.928498E-01,1.425970E-01,1.008764E-01,6.822815E-02,4.386196E-02,2.575620E-02,1.372127E-02,6.829897E-03,3.217774E-03,1.405720E-03,5.768216E-04,2.499617E-04,1.082472E-04,4.519175E-05,1.770202E-05,5.052277E-06,1.225806E-06,2.467946E-07,4.031115E-08
-6.31787,41.50000,0.00000,4.237339E-01,4.090818E-01,3.836733E-01,3.459380E-01,2.974079E-01,2.428011E-01,1.883610E-01,1.393967E-01,9.873999E-02,6.688710E-02,4.307481E-02,2.517394E-02,1.340205E-02,6.762030E-03,3.204580E-03,1.404532E-03,5.794532E-04,2.529765E-04,1.096790E-04,4.573793E-05,1.790917E-05,5.142139E-06,1.260595E-06,2.576940E-07,4.295108E-08
-6.31787,41.60000,0.00000,4.033116E-01,3.894058E-01,3.652699E-01,3.294258E-01,2.833567E-01,2.315509E-01,1.799081E-01,1.334238E-01,9.476815E-02,6.441831E-02,4.166260E-02,2.480648E-02,1.335181E-02,6.644052E-03,3.172409E-03,1.411576E-03,5.829477E-04,2.556309E-04,1.114283E-04,4.681930E-05,1.798991E-05,5.176873E-06,1.274222E-06,2.620096E-07,4.400704E-08
-6.31787,41.70000,0.00000,3.795691E-01,3.665951E-01,3.440068E-01,3.104030E-01,2.671817E-01,2.185659E-01,1.700791E-01,1.263945E-01,9.001856E-02,6.140988E-02,3.990680E-02,2.450632E-02,1.337762E-02,6.500416E-03,3.159013E-03,1.419694E-03,5.859678E-04,2.590870E-04,1.134392E-04,4.776177E-05,1.793410E-05,5.144982E-06,1.260808E-06,2.576965E-07,4.294949E-08
-6.31787,41.80000,0.00000,3.800526E-01,3.666847E-01,3.435886E-01,3.094748E-01,2.658885E-01,2.171559E-01,1.687943E-01,1.253750E-01,8.928288E-02,6.090552E-02,3.956966E-02,2.361861E-02,1.288103E-02,6.446002E-03,3.122246E-03,1.405861E-03,5.837143E-04,2.658891E-04,1.179872E-04,5.019692E-05,1.777667E-05,5.062822E-06,1.226998E-06,2.469055E-07,4.031958E-08
-6.31787,41.90000,0.00000,3.604084E-01,3.477969E-01,3.259672E-01,2.936974E-01,2.524625E-01,2.063683E-01,1.606217E-01,1.195236E-01,8.531674E-02,5.837101E-02,3.806144E-02,2.326346E-02,1.273498E-02,6.302214E-03,3.081351E-03,1.406611E-03,5.879084E-04,2.692674E-04,1.198983E-04,5.108136E-05,1.759767E-05,4.970409E-06,1.189236E-06,2.349437E-07,3.742798E-08
-6.31787,42.00000,0.00000,3.477979E-01,3.355878E-01,3.144699E-01,2.832904E-01,2.435095E-01,1.991058E-01,1.550842E-01,1.155506E-01,8.262861E-02,5.665803E-02,3.703875E-02,2.281019E-02,1.255644E-02,6.232780E-03,3.068459E-03,1.406189E-03,5.874837E-04,2.697476E-04,1.202444E-04,5.123578E-05,1.747848E-05,4.908934E-06,1.164276E-06,2.271013E-07,3.555260E-08
-6.31787,42.10000,0.00000,3.242486E-01,3.130300E-01,2.935299E-01,2.646296E-01,2.276598E-01,1.863159E-01,1.452701E-01,1.083710E-01,7.762747E-02,5.337214E-02,3.503730E-02,2.178636E-02,1.233085E-02,6.259057E-03,3.026961E-03,1.415408E-03,5.890421E-04,2.694020E-04,1.203234E-04,5.132300E-05,1.746870E-05,4.901709E-06,1.161273E-06,2.261946E-07,3.534684E-08
-6.31787,42.20000,0.00000,3.188913E-01,3.076131E-01,2.881042E-01,2.593301E-01,2.227002E-01,1.819303E-01,1.416353E-01,1.055527E-01,7.557874E-02,5.197330E-02,3.413996E-02,2.124487E-02,1.193440E-02,6.133912E-03,2.960860E-03,1.409065E-03,5.896006E-04,2.698592E-04,1.211288E-04,5.189355E-05,1.756130E-05,4.945267E-06,1.178686E-06,2.316809E-07,3.666828E-08
-6.21787,36.90000,0.00000,7.852253E-01,7.454206E-01,6.919872E-01,6.259153E-01,5.498931E-01,4.676049E-01,3.831339E-01,3.009056E-01,2.254800E-01,1.607644E-01,1.089667E-01,7.018853E-02,4.290901E-02,2.483109E-02,1.355465E-02,6.951328E-03,3.332752E-03,1.484199E-03,6.086171E-04,2.270666E-04,7.581439E-05,2.217236E-05,5.539484E-06,1.151942E-06,1.943930E-07
-6.21787,37.00000,0.00000,7.879221E-01,7.480049E-01,6.940629E-01,6.270166E-01,5.496942E-01,4.660757E-01,3.805498E-01,2.977027E-01,2.220968E-01,1.575583E-01,1.061921E-01,6.798968E-02,4.131818E-02,2.378493E-02,1.293241E-02,6.618852E-03,3.174803E-03,1.418526E-03,5.853160E-04,2.203405E-04,7.441558E-05,2.206836E-05,5.606936E-06,1.189955E-06,2.058141E-07
-6.21787,37.10000,0.00000,7.905239E-01,7.503985E-01,6.958280E-01,6.276574E-01,5.488677E-01,4.637803E-01,3.771313E-01,2.936819E-01,2.179805E-01,1.537408E-01,1.029418E-01,6.545125E-02,3.950956E-02,2.261515E-02,1.224879E-02,6.260856E-03,3.009237E-03,1.352334E-03,5.630907E-04,2.143369E-04,7.323989E-05,2.197351E-05,5.649262E-06,1.214391E-06,2.131251E-07
-6.21787,37.20000,0.00000,7.919301E-01,7.516615E-01,6.965539E-01,6.273612E-01,5.471758E-01,4.606291E-01,3.728268E-01,2.887640E-01,2.130232E-01,1.491998E-01,9.910621E-02,6.245437E-02,3.735127E-02,2.119308E-02,1.139834E-02,5.802549E-03,2.787940E-03,1.257157E-03,5.268995E-04,2.022934E-04,6.977538E-05,2.112389E-05,5.473967E-06,1.184328E-06,2.088973E-07
-6.21787,37.30000,0.00000,7.959931E-01,7.552961E-01,6.993275E-01,6.287432E-01,5.467592E-01,4.583470E-01,3.690093E-01,2.840101E-01,2.079991E-01,1.444724E-01,9.506157E-02,5.928022E-02,3.506248E-02,1.967742E-02,1.047707E-02,5.288474E-03,2.524707E-03,1.133584E-03,4.737955E-04,1.814466E-04,6.233675E-05,1.874132E-05,4.804123E-06,1.023901E-06,1.771926E-07
-6.21787,37.40000,0.00000,7.922639E-01,7.515572E-01,6.952119E-01,6.238210E-01,5.407478E-01,4.513022E-01,3.613480E-01,2.763340E-01,2.008886E-01,1.383531E-01,9.016754E-02,5.565669E-02,3.259118E-02,1.813061E-02,9.590550E-03,4.824507E-03,2.304196E-03,1.039398E-03,4.381530E-04,1.696306E-04,5.889246E-05,1.783011E-05,4.574858E-06,9.687315E-07,1.652774E-07
-6.21787,37.50000,0.00000,7.943059E-01,7.531168E-01,6.958853E-01,6.231279E-01,5.383329E-01,4.471410E-01,3.558042E-01,2.700472E-01,1.945795E-01,1.326443E-01,8.547263E-02,5.214291E-02,3.020214E-02,1.665917E-02,8.660724E-03,4.121796E-03,1.917599E-03,8.729564E-04,3.852216E-04,1.618968E-04,5.803845E-05,1.781281E-05,4.600522E-06,9.723253E-07,1.641190E-07
-6.21787,37.60000,0.00000,7.935813E-01,7.520736E-01,6.941583E-01,6.202932E-01,5.341076E-01,4.415609E-01,3.492517E-01,2.631153E-01,1.878783E-01,1.266736E-01,8.056260E-02,4.842781E-02,2.762864E-02,1.502081E-02,7.139086E-03,3.280600E-03,1.474481E-03,6.505430E-04,2.801781E-04,1.163279E-04,4.589300E-05,1.688991E-05,4.544790E-06,9.926458E-07,1.742868E-07
-6.21787,37.70000,0.00000,7.941004E-01,7.521228E-01,6.933839E-01,6.182969E-01,5.306205E-01,4.366128E-01,3.432089E-01,2.565510E-01,1.813989E-01,1.207794E-01,7.557856E-02,4.449388E-02,2.472274E-02,1.302010E-02,6.082079E-03,2.760183E-03,1.237209E-03,5.516701E-04,2.432831E-04,9.551134E-05,3.227020E-05,9.546011E-06,2.408757E-06,5.058404E-07,8.634553E-08
-6.21787,37.80000,0.00000,7.941387E-01,7.516205E-01,6.920050E-01,6.156924E-01,5.266006E-01,4.313023E-01,3.370326E-01,2.500775E-01,1.751597E-01,1.151776E-01,7.086474E-02,4.077533E-02,2.197537E-02,1.111789E-02,5.135042E-03,2.314875E-03,9.966055E-04,3.917124E-04,1.424059E-04,4.723220E-05,1.405965E-05,3.686293E-06,8.334292E-07,1.586988E-07,2.478047E-08
-6.21787,37.90000,0.00000,7.912522E-01,7.482076E-01,6.877548E-01,6.103311E-01,5.200574E-01,4.238308E-01,3.291562E-01,2.424020E-01,1.681948E-01,1.092674E-01,6.618362E-02,3.733822E-02,1.964969E-02,9.558022E-03,4.252512E-03,1.842440E-03,7.742599E-04,2.920595E-04,1.031994E-04,3.410778E-05,1.042169E-05,2.870055E-06,6.883539E-07,1.388356E-07,2.282568E-08
-6.21787,38.00000,0.00000,7.897115E-01,7.460772E-01,6.847535E-01,6.062105E-01,5.147448E-01,4.175461E-01,3.223816E-01,2.357341E-01,1.621739E-01,1.042614E-01,6.235158E-02,3.464652E-02,1.792218E-02,8.159306E-03,3.536796E-03,1.498149E-03,6.358440E-04,2.513351E-04,9.044357E-05,3.086180E-05,9.789089E-06,2.791038E-06,6.892511E-07,1.426615E-07,2.408641E-08
-6.21787,38.10000,0.00000,7.848142E-01,7.407010E-01,6.786589E-01,5.992588E-01,5.070437E-01,4.095027E-01,3.145853E-01,2.287414E-01,1.563551E-01,9.976795E-02,5.914837E-02,3.255959E-02,1.590907E-02,7.135834E-03,3.061959E-03,1.295462E-03,5.554748E-04,2.399065E-04,8.845285E-05,3.085639E-05,9.946131E-06,2.869217E-06,7.169103E-07,1.507076E-07,2.597957E-08
-6.21787,38.20000,0.00000,7.799233E-01,7.352986E-01,6.725370E-01,5.923380E-01,4.994973E-01,4.017754E-01,3.072538E-01,2.223152E-01,1.511462E-01,9.586951E-02,5.647573E-02,2.988933E-02,1.409515E-02,6.230700E-03,2.652430E-03,1.126635E-03,4.909874E-04,2.199270E-04,9.260955E-05,3.283151E-05,1.067058E-05,3.094752E-06,7.789877E-07,1.656905E-07,2.903233E-08
-6.21787,38.30000,0.00000,7.808899E-01,7.352549E-01,6.712672E-01,5.897578E-01,4.957670E-01,3.973022E-01,3.025882E-01,2.179855E-01,1.475329E-01,9.315722E-02,5.352672E-02,2.696239E-02,1.253290E-02,5.461406E-03,2.306301E-03,9.747415E-04,4.156816E-04,1.808325E-04,7.929359E-05,3.374344E-05,1.136716E-05,3.256003E-06,8.092523E-07,1.703940E-07,2.965425E-08
-6.21787,38.40000,0.00000,7.771888E-01,7.308043E-01,6.659124E-01,5.835239E-01,4.889518E-01,3.904455E-01,2.963011E-01,2.127426E-01,1.435573E-01,9.042248E-02,4.941638E-02,2.458927E-02,1.129377E-02,4.875518E-03,2.137680E-03,8.832210E-04,3.778425E-04,1.656491E-04,7.335513E-05,3.178466E-05,1.257113E-05,3.543489E-06,8.592081E-07,1.755949E-07,2.960521E-08
-6.21787,38.50000,0.00000,7.737756E-01,7.266254E-01,6.608558E-01,5.776751E-01,4.826609E-01,3.842509E-01,2.907497E-01,2.082136E-01,1.401982E-01,8.440834E-02,4.545179E-02,2.242908E-02,1.023030E-02,4.575451E-03,1.975283E-03,8.243218E-04,3.571629E-04,1.602200E-04,7.231370E-05,3.160544E-05,1.302437E-05,4.697332E-06,1.173854E-06,2.450234E-07,4.164588E-08
-6.21787,38.60000,0.00000,7.666079E-01,7.187951E-01,6.523058E-01,5.686197E-01,4.736213E-01,3.759133E-01,2.836955E-01,2.027374E-01,1.349767E-01,7.875181E-02,4.209082E-02,2.063808E-02,9.551425E-03,4.396020E-03,1.845082E-03,7.809655E-04,3.439096E-04,1.565457E-04,7.141980E-05,3.149522E-05,1.300755E-05,4.910821E-06,1.655449E-06,4.015146E-07,6.875914E-08
-6.21787,38.70000,0.00000,7.626014E-01,7.139660E-01,6.466208E-01,5.623056E-01,4.671741E-01,3.699349E-01,2.786640E-01,1.988784E-01,1.266967E-01,7.334936E-02,3.890869E-02,1.896121E-02,9.081564E-03,4.105713E-03,1.727485E-03,7.378447E-04,3.402336E-04,1.550823E-04,6.784130E-05,2.983303E-05,1.230641E-05,4.643550E-06,1.566304E-06,4.604322E-07,7.939779E-08
-6.21787,38.80000,0.00000,8.233577E-01,8.102767E-01,7.853169E-01,7.430595E-01,6.792021E-01,5.935701E-01,4.925216E-01,3.873110E-01,2.887722E-01,2.033800E-01,1.337202E-01,7.799344E-02,3.905443E-02,1.704473E-02,6.488253E-03,2.542029E-03,8.521098E-04,2.585683E-04,9.191655E-05,3.062841E-05,1.048385E-05,3.677066E-06,1.182334E-06,3.326654E-07,5.575994E-08
-6.21787,38.90000,0.00000,8.123524E-01,7.990466E-01,7.736896E-01,7.309192E-01,6.666632E-01,5.811093E-01,4.808913E-01,3.772281E-01,2.806457E-01,1.972639E-01,1.294284E-01,7.453249E-02,3.720912E-02,1.620106E-02,6.141595E-03,2.348096E-03,7.919918E-04,2.535115E-04,8.185513E-05,2.869615E-05,1.044993E-05,3.664663E-06,1.179142E-06,3.321499E-07,5.494229E-08
-6.21787,39.00000,0.00000,8.130528E-01,7.995211E-01,7.738191E-01,7.305862E-01,6.658184E-01,5.798439E-01,4.794428E-01,3.758652E-01,2.795182E-01,1.963874E-01,1.230405E-01,6.925514E-02,3.452893E-02,1.504061E-02,6.048013E-03,2.345087E-03,7.898445E-04,2.469344E-04,8.229158E-05,2.886196E-05,1.058667E-05,3.719183E-06,1.193968E-06,3.354625E-07,5.403456E-08
-6.21787,39.10000,0.00000,8.095251E-01,7.957453E-01,7.696476E-01,7.258998E-01,6.606315E-01,5.743971E-01,4.741709E-01,3.712067E-01,2.757306E-01,1.902323E-01,1.181291E-01,6.633931E-02,3.301631E-02,1.437163E-02,5.957045E-03,2.320998E-03,7.701354E-04,2.455315E-04,8.291445E-05,2.939621E-05,1.077375E-05,3.768897E-06,1.203040E-06,3.370805E-07,5.479805E-08
-6.21787,39.20000,0.00000,8.064855E-01,7.924355E-01,7.659166E-01,7.216169E-01,6.557919E-01,5.692147E-01,4.690457E-01,3.665529E-01,2.718084E-01,1.828785E-01,1.132632E-01,6.345005E-02,3.151814E-02,1.371323E-02,5.703399E-03,2.202797E-03,7.525401E-04,2.478068E-04,8.461874E-05,3.069043E-05,1.130080E-05,3.958577E-06,1.261196E-06,3.527242E-07,5.507679E-08
-6.21787,39.30000,0.00000,7.989278E-01,7.846636E-01,7.577968E-01,7.130954E-01,6.470011E-01,5.605556E-01,4.610903E-01,3.597890E-01,2.588754E-01,1.728663E-01,1.066084E-01,5.949463E-02,2.946101E-02,1.279472E-02,5.359381E-03,2.126456E-03,7.318620E-04,2.436735E-04,8.482303E-05,3.111101E-05,1.148246E-05,4.014811E-06,1.269175E-06,3.553239E-07,5.754303E-08
-6.21787,39.40000,0.00000,7.921790E-01,7.776613E-01,7.503937E-01,7.051940E-01,6.386830E-01,5.521618E-01,4.531449E-01,3.445725E-01,2.444802E-01,1.625276E-01,9.984741E-02,5.555512E-02,2.746707E-02,1.205169E-02,5.007694E-03,2.030283E-03,6.985686E-04,2.393675E-04,8.557968E-05,3.180961E-05,1.175003E-05,4.091100E-06,1.274902E-06,3.561913E-07,6.158662E-08
-6.21787,39.50000,0.00000,7.846223E-01,7.698789E-01,7.422563E-01,6.966360E-01,6.298212E-01,5.433685E-01,4.342805E-01,3.261366E-01,2.308303E-01,1.532815E-01,9.415597E-02,5.242275E-02,2.595908E-02,1.164819E-02,4.824600E-03,1.984950E-03,6.966654E-04,2.442324E-04,8.900290E-05,3.363982E-05,1.240687E-05,4.233259E-06,1.288212E-06,3.581918E-07,6.445110E-08
-6.21787,39.60000,0.00000,7.803113E-01,7.653248E-01,7.373292E-01,6.912543E-01,6.181117E-01,5.209144E-01,4.133522E-01,3.088740E-01,2.176630E-01,1.440021E-01,8.819734E-02,4.902121E-02,2.428113E-02,1.131361E-02,4.671316E-03,1.934515E-03,6.985930E-04,2.541471E-04,9.753985E-05,3.835170E-05,1.396094E-05,4.621406E-06,1.418176E-06,3.925865E-07,6.617036E-08
-6.21787,39.70000,0.00000,7.652408E-01,7.471521E-01,7.139679E-01,6.604362E-01,5.842767E-01,4.893080E-01,3.859552E-01,2.869366E-01,2.014019E-01,1.328720E-01,8.125851E-02,4.516925E-02,2.275949E-02,1.055580E-02,4.543003E-03,1.878040E-03,6.972396E-04,2.645554E-04,1.056855E-04,4.259474E-05,1.530120E-05,5.223663E-06,1.701669E-06,3.894799E-07,6.499900E-08
-6.21787,39.80000,0.00000,7.540327E-01,7.354502E-01,7.015806E-01,6.473640E-01,5.709127E-01,4.764614E-01,3.745621E-01,2.776386E-01,1.943734E-01,1.279395E-01,7.808165E-02,4.333626E-02,2.190795E-02,1.017053E-02,4.303378E-03,1.793337E-03,6.995281E-04,2.708714E-04,1.128474E-04,4.331545E-05,1.611368E-05,6.157687E-06,1.824093E-06,3.717370E-07,6.107283E-08
-6.21787,39.90000,0.00000,7.170728E-01,6.982653E-01,6.642032E-01,6.102890E-01,5.353737E-01,4.442603E-01,3.473654E-01,2.562878E-01,1.787711E-01,1.173748E-01,7.155332E-02,3.973658E-02,2.079748E-02,9.466543E-03,4.026880E-03,1.649958E-03,6.606620E-04,2.615471E-04,1.012785E-04,4.118123E-05,1.871980E-05,6.280101E-06,1.541582E-06,3.112441E-07,5.038824E-08
-6.21787,40.00000,0.00000,6.958830E-01,6.768774E-01,6.426479E-01,5.888923E-01,5.148966E-01,4.257860E-01,3.318600E-01,2.441994E-01,1.699795E-01,1.114212E-01,6.785353E-02,3.767884E-02,1.973324E-02,9.065606E-03,3.789345E-03,1.491064E-03,5.782480E-04,2.319330E-04,8.749850E-05,3.901633E-05,1.605704E-05,4.475694E-06,1.059109E-06,2.059904E-07,3.197483E-08
-6.21787,40.10000,0.00000,6.703938E-01,6.513552E-01,6.172366E-01,5.640469E-01,4.915107E-01,4.050148E-01,3.146526E-01,2.309175E-01,1.603985E-01,1.049864E-01,6.389338E-02,3.676695E-02,1.875609E-02,8.647322E-03,3.654144E-03,1.456617E-03,5.694616E-04,2.141223E-04,8.220877E-05,3.439815E-05,1.357804E-05,3.827790E-06,8.986704E-07,1.736779E-07,2.682953E-08
-6.21787,40.20000,0.00000,6.664487E-01,6.469941E-01,6.123450E-01,5.586530E-01,4.858709E-01,3.995849E-01,3.099040E-01,2.271277E-01,1.575972E-01,1.030524E-01,6.265768E-02,3.479078E-02,1.804284E-02,8.497840E-03,3.605187E-03,1.429241E-03,5.326961E-04,1.922457E-04,7.841180E-05,3.197495E-05,1.172722E-05,3.133102E-06,7.107110E-07,1.332944E-07,2.016182E-08
-6.21787,40.30000,0.00000,6.245248E-01,6.056098E-01,5.720136E-01,5.203059E-01,4.508870E-01,3.694398E-01,2.855741E-01,2.087386E-01,1.445682E-01,9.445802E-02,5.809167E-02,3.322747E-02,1.706365E-02,7.968963E-03,3.431234E-03,1.340371E-03,4.894687E-04,1.862317E-04,7.633053E-05,3.098663E-05,9.724400E-06,2.562710E-06,5.791665E-07,1.092536E-07,1.673698E-08
-6.21787,40.40000,0.00000,5.926155E-01,5.742154E-01,5.415882E-01,4.915951E-01,4.249042E-01,3.471994E-01,2.676896E-01,1.952148E-01,1.362104E-01,9.014316E-02,5.554496E-02,3.159363E-02,1.624318E-02,7.558598E-03,3.270044E-03,1.244108E-03,4.534930E-04,1.835870E-04,7.552809E-05,2.539828E-05,7.181473E-06,1.794611E-06,3.856877E-07,6.936119E-08,1.013661E-08
-6.21787,40.50000,0.00000,5.673752E-01,5.496456E-01,5.182440E-01,4.702891E-01,4.066304E-01,3.328463E-01,2.576816E-01,1.893694E-01,1.323776E-01,8.720145E-02,5.363378E-02,3.020220E-02,1.576600E-02,7.327797E-03,3.162825E-03,1.189351E-03,4.550405E-04,1.856780E-04,7.362794E-05,2.254803E-05,6.352926E-06,1.596304E-06,3.462201E-07,6.271894E-08,9.190041E-09
-6.21787,40.60000,0.00000,5.606644E-01,5.425782E-01,5.107217E-01,4.623312E-01,3.984212E-01,3.246914E-01,2.500286E-01,1.831488E-01,1.276727E-01,8.404927E-02,5.189568E-02,2.964947E-02,1.517983E-02,7.234966E-03,3.010405E-03,1.135437E-03,4.584717E-04,1.877856E-04,7.036953E-05,2.166766E-05,6.148881E-06,1.554043E-06,3.377093E-07,6.099504E-08,8.867959E-09
-6.21787,40.70000,0.00000,5.373115E-01,5.198857E-01,4.892341E-01,4.428169E-01,3.817754E-01,3.116760E-01,2.408154E-01,1.767663E-01,1.237395E-01,8.182327E-02,5.026574E-02,2.829778E-02,1.490999E-02,7.008785E-03,2.999979E-03,1.137214E-03,4.612168E-04,1.907049E-04,7.427294E-05,2.310553E-05,6.559741E-06,1.644663E-06,3.530200E-07,6.293661E-08,9.037469E-09
-6.21787,40.80000,0.00000,4.975423E-01,4.814833E-01,4.531029E-01,4.100563E-01,3.534884E-01,2.886285E-01,2.231430E-01,1.639788E-01,1.149981E-01,7.691882E-02,4.873601E-02,2.762423E-02,1.415349E-02,6.818516E-03,3.012915E-03,1.170009E-03,4.673192E-04,1.966756E-04,8.285284E-05,2.832787E-05,8.225522E-06,2.055618E-06,4.279071E-07,7.217228E-08,9.596865E-09
-6.21787,40.90000,0.00000,4.911286E-01,4.749996E-01,4.466210E-01,4.037690E-01,3.477013E-01,2.836645E-01,2.192098E-01,1.610882E-01,1.130093E-01,7.563240E-02,4.796229E-02,2.751793E-02,1.414228E-02,6.898605E-03,3.086025E-03,1.245703E-03,4.811411E-04,2.068826E-04,8.925021E-05,3.775195E-05,1.339816E-05,3.857636E-06,9.475903E-07,1.933798E-07,3.201126E-08
-6.21787,41.00000,0.00000,4.813752E-01,4.653459E-01,4.372403E-01,3.949569E-01,3.398435E-01,2.771127E-01,2.141351E-01,1.574237E-01,1.105235E-01,7.404605E-02,4.685960E-02,2.674566E-02,1.380214E-02,6.829531E-03,3.081366E-03,1.275057E-03,5.017964E-04,2.150160E-04,9.281971E-05,3.925048E-05,1.442155E-05,4.079384E-06,9.778328E-07,1.936387E-07,3.094233E-08
-6.21787,41.10000,0.00000,4.737900E-01,4.577014E-01,4.296251E-01,3.875919E-01,3.330620E-01,2.712631E-01,2.094377E-01,1.539003E-01,1.080388E-01,7.240129E-02,4.601680E-02,2.641584E-02,1.370462E-02,6.746783E-03,3.069323E-03,1.302835E-03,5.188966E-04,2.191266E-04,9.454190E-05,3.981083E-05,1.477311E-05,4.123521E-06,9.732934E-07,1.893361E-07,2.962043E-08
-6.21787,41.20000,0.00000,4.480712E-01,4.329218E-01,4.064343E-01,3.667597E-01,3.153181E-01,2.570598E-01,1.987790E-01,1.463785E-01,1.030379E-01,6.929146E-02,4.424435E-02,2.600889E-02,1.367371E-02,6.624928E-03,3.052597E-03,1.334605E-03,5.392417E-04,2.233827E-04,9.634090E-05,4.042075E-05,1.605383E-05,4.520519E-06,1.074848E-06,2.103161E-07,3.305463E-08
-6.21787,41.30000,0.00000,4.331526E-01,4.184289E-01,3.927139E-01,3.542687E-01,3.045355E-01,2.483304E-01,1.921805E-01,1.417125E-01,9.994244E-02,6.737419E-02,4.315528E-02,2.523740E-02,1.338705E-02,6.565552E-03,3.053628E-03,1.355023E-03,5.556936E-04,2.317886E-04,1.007374E-04,4.250076E-05,1.695692E-05,4.906459E-06,1.179024E-06,2.335533E-07,3.726457E-08
-6.21787,41.40000,0.00000,4.257774E-01,4.110659E-01,3.854847E-01,3.474075E-01,2.983611E-01,2.431436E-01,1.881407E-01,1.387868E-01,9.795815E-02,6.611190E-02,4.241017E-02,2.465830E-02,1.315226E-02,6.514258E-03,3.052169E-03,1.365702E-03,5.642570E-04,2.366652E-04,1.029256E-04,4.332314E-05,1.722027E-05,5.028000E-06,1.217384E-06,2.442557E-07,3.970638E-08
-6.21787,41.50000,0.00000,4.174381E-01,4.028121E-01,3.774779E-01,3.399194E-01,2.917294E-01,2.376637E-01,1.839467E-01,1.358080E-01,9.598281E-02,6.488474E-02,4.170048E-02,2.441691E-02,1.309815E-02,6.459098E-03,3.064475E-03,1.377335E-03,5.703579E-04,2.395199E-04,1.041543E-04,4.375080E-05,1.734270E-05,5.097343E-06,1.243152E-06,2.521954E-07,4.161263E-08
-6.21787,41.60000,0.00000,3.916859E-01,3.780417E-01,3.543511E-01,3.191919E-01,2.740778E-01,2.234773E-01,1.732009E-01,1.281177E-01,9.078113E-02,6.158847E-02,3.978113E-02,2.426559E-02,1.313188E-02,6.362299E-03,3.089660E-03,1.389107E-03,5.752402E-04,2.420791E-04,1.054911E-04,4.433718E-05,1.756640E-05,5.111461E-06,1.248028E-06,2.536741E-07,4.196856E-08
-6.21787,41.70000,0.00000,3.793199E-01,3.660899E-01,3.431359E-01,3.091117E-01,2.655190E-01,2.166909E-01,1.682035E-01,1.247001E-01,8.860418E-02,6.029586E-02,3.906885E-02,2.325798E-02,1.265223E-02,6.248600E-03,3.023386E-03,1.377391E-03,5.739658E-04,2.458624E-04,1.073844E-04,4.513406E-05,1.776510E-05,5.065143E-06,1.228727E-06,2.475358E-07,4.048457E-08
-6.21787,41.80000,0.00000,3.623142E-01,3.496767E-01,3.277408E-01,2.952381E-01,2.536334E-01,2.070825E-01,1.608877E-01,1.194415E-01,8.502829E-02,5.800600E-02,3.770801E-02,2.290713E-02,1.249578E-02,6.149222E-03,3.017788E-03,1.377698E-03,5.750313E-04,2.536607E-04,1.122382E-04,4.790600E-05,1.759973E-05,4.978683E-06,1.193498E-06,2.364557E-07,3.783055E-08
-6.21787,41.90000,0.00000,3.599332E-01,3.470670E-01,3.248753E-01,2.921919E-01,2.505952E-01,2.042958E-01,1.585548E-01,1.176498E-01,8.374869E-02,5.714350E-02,3.715487E-02,2.247268E-02,1.232569E-02,6.101799E-03,3.009135E-03,1.378634E-03,5.762289E-04,2.564929E-04,1.143846E-04,4.892521E-05,1.742240E-05,4.887847E-06,1.156915E-06,2.250795E-07,3.514113E-08
-6.21787,42.00000,0.00000,3.465108E-01,3.340535E-01,3.125906E-01,2.810310E-01,2.409433E-01,1.964142E-01,1.524971E-01,1.132631E-01,8.075131E-02,5.521652E-02,3.600034E-02,2.219523E-02,1.226249E-02,6.132591E-03,2.975995E-03,1.388557E-03,5.797104E-04,2.578466E-04,1.151482E-04,4.925250E-05,1.730445E-05,4.827133E-06,1.132631E-06,2.176053E-07,3.339439E-08
-6.21787,42.10000,0.00000,3.199537E-01,3.087195E-01,2.892250E-01,2.603958E-01,2.236172E-01,1.826212E-01,1.420703E-01,1.057549E-01,7.560653E-02,5.189393E-02,3.401296E-02,2.111366E-02,1.213415E-02,6.148667E-03,2.900106E-03,1.383031E-03,5.824170E-04,2.585349E-04,1.159306E-04,4.976883E-05,1.728042E-05,4.813740E-06,1.127267E-06,2.159822E-07,3.302427E-08
-6.21787,42.20000,0.00000,3.186174E-01,3.071130E-01,2.872830E-01,2.581432E-01,2.211938E-01,1.802433E-01,1.399495E-01,1.040240E-01,7.429495E-02,5.095702E-02,3.337590E-02,2.070143E-02,1.174638E-02,6.028201E-03,2.844906E-03,1.362208E-03,5.831146E-04,2.599479E-04,1.172861E-04,5.061285E-05,1.734466E-05,4.843346E-06,1.138793E-06,2.195001E-07,3.384131E-08
